0 0.4046875 0.41640625 0.0453125 0.0328125
0 0.44453125 0.40859375 0.040625 0.0359375
0 0.4078125 0.43984375 0.0453125 0.0328125
0 0.44609375 0.4296875 0.040625 0.034375
0 0.403125 0.45625 0.0421875 0.034375
0 0.44140625 0.44765625 0.046875 0.0328125
0 0.40078125 0.4765625 0.046875 0.034375
0 0.44140625 0.46953125 0.04375 0.0390625
0 0.40078125 0.49609375 0.04375 0.03125
0 0.43828125 0.490625 0.04375 0.0359375
0 0.40078125 0.51796875 0.0453125 0.0328125
0 0.4375 0.50625 0.04375 0.040625
0 0.396875 0.54140625 0.0421875 0.034375
0 0.434375 0.53203125 0.0484375 0.0453125
0 0.3953125 0.56328125 0.0453125 0.0359375
0 0.434375 0.55546875 0.0421875 0.0453125
0 0.396875 0.5921875 0.04375 0.0359375
0 0.43515625 0.58046875 0.04375 0.03125
0 0.41953125 0.83671875 0.0421875 0.0265625
0 0.37890625 0.84296875 0.0421875 0.028125
0 0.4203125 0.81015625 0.040625 0.0265625
0 0.38125 0.8171875 0.040625 0.028125
0 0.421875 0.790625 0.0375 0.028125
0 0.425 0.76953125 0.040625 0.0265625
0 0.425 0.74765625 0.040625 0.0296875
0 0.42734375 0.725 0.040625 0.028125
0 0.428125 0.7015625 0.0421875 0.0328125
0 0.42890625 0.67734375 0.040625 0.0328125
0 0.43203125 0.65234375 0.04375 0.0328125
0 0.3828125 0.79765625 0.0421875 0.03125
0 0.38359375 0.77421875 0.0421875 0.0359375
0 0.3859375 0.74765625 0.040625 0.0296875
0 0.3875 0.7265625 0.0390625 0.0296875
0 0.3890625 0.70703125 0.04375 0.0328125
0 0.3890625 0.6859375 0.04375 0.0375
0 0.39140625 0.66015625 0.04375 0.034375