0 0.39140625 0.434375 0.04140625 0.02578125
0 0.4296875 0.41953125 0.0359375 0.0296875
0 0.3984375 0.45703125 0.04140625 0.02578125
0 0.434375 0.43984375 0.03671875 0.028125
0 0.396875 0.4734375 0.03828125 0.028125
0 0.43359375 0.45859375 0.0421875 0.0265625
0 0.3984375 0.49375 0.0421875 0.028125
0 0.43671875 0.48046875 0.0390625 0.03203125
0 0.4015625 0.51328125 0.03984375 0.02421875
0 0.4375 0.5015625 0.0390625 0.0296875
0 0.40546875 0.53515625 0.04140625 0.02578125
0 0.43984375 0.5171875 0.03828125 0.034375
0 0.40546875 0.55859375 0.0375 0.028125
0 0.440625 0.54296875 0.04296875 0.03828125
0 0.4078125 0.58046875 0.04140625 0.02890625
0 0.4453125 0.565625 0.03671875 0.0390625
0 0.4140625 0.60859375 0.0390625 0.0296875
0 0.45 0.590625 0.03984375 0.02421875
0 0.47890625 0.8453125 0.03984375 0.0203125
0 0.440625 0.85859375 0.0390625 0.02109375
0 0.47578125 0.81953125 0.03828125 0.01953125
0 0.43828125 0.8328125 0.03828125 0.02109375
0 0.4734375 0.8 0.03359375 0.021875
0 0.47265625 0.778125 0.0375 0.02109375
0 0.46953125 0.75703125 0.0375 0.0234375
0 0.4671875 0.734375 0.03671875 0.021875
0 0.4640625 0.7109375 0.03828125 0.02578125
0 0.4609375 0.68671875 0.03671875 0.0265625
0 0.459375 0.66171875 0.03984375 0.0265625
0 0.4359375 0.81328125 0.0390625 0.025
0 0.4328125 0.790625 0.03671875 0.03046875
0 0.43046875 0.7640625 0.0375 0.02421875
0 0.42890625 0.74296875 0.03515625 0.0234375
0 0.4265625 0.7234375 0.03984375 0.0265625
0 0.42265625 0.70234375 0.0390625 0.03046875
0 0.42109375 0.6765625 0.03984375 0.028125