0 0.41171875 0.40859375 0.046875 0.0359375
0 0.453125 0.40390625 0.0421875 0.0375
0 0.41328125 0.43203125 0.046875 0.0359375
0 0.45234375 0.425 0.0421875 0.0359375
0 0.40703125 0.44765625 0.04375 0.0375
0 0.446875 0.44296875 0.046875 0.0359375
0 0.40390625 0.46796875 0.0484375 0.0375
0 0.44375 0.46484375 0.0453125 0.040625
0 0.4015625 0.4875 0.0453125 0.034375
0 0.4390625 0.48515625 0.0453125 0.0390625
0 0.39921875 0.509375 0.046875 0.0359375
0 0.4375 0.50078125 0.0453125 0.04375
0 0.39375 0.53203125 0.04375 0.0375
0 0.43125 0.52578125 0.0515625 0.0484375
0 0.38984375 0.55390625 0.046875 0.0390625
0 0.43046875 0.54921875 0.0453125 0.046875
0 0.3890625 0.5828125 0.0453125 0.0390625
0 0.428125 0.57421875 0.0453125 0.034375
0 0.390625 0.828125 0.04375 0.0296875
0 0.35 0.83125 0.04375 0.03125
0 0.39375 0.80234375 0.0421875 0.028125
0 0.35390625 0.80546875 0.0421875 0.0296875
0 0.396875 0.7828125 0.0375 0.0296875
0 0.4015625 0.76171875 0.0421875 0.0296875
0 0.40390625 0.740625 0.0421875 0.0328125
0 0.4078125 0.71796875 0.040625 0.03125
0 0.4109375 0.69453125 0.04375 0.034375
0 0.4140625 0.6703125 0.0421875 0.0359375
0 0.41875 0.6453125 0.0453125 0.0359375
0 0.35703125 0.7859375 0.04375 0.034375
0 0.36015625 0.76328125 0.04375 0.0390625
0 0.36484375 0.73671875 0.0421875 0.0328125
0 0.36875 0.71640625 0.040625 0.03125
0 0.37109375 0.696875 0.0453125 0.0359375
0 0.37265625 0.67578125 0.0453125 0.0390625
0 0.378125 0.65 0.0453125 0.0375