0 0.35859375 0.78203125 0.046875 0.084375
0 0.325 0.76328125 0.053125 0.078125
0 0.2953125 0.74296875 0.0484375 0.08125
0 0.26640625 0.71640625 0.0390625 0.08125
0 0.27578125 0.6296875 0.05 0.0765625
0 0.30390625 0.6515625 0.0484375 0.0796875
0 0.3359375 0.66953125 0.0453125 0.071875
0 0.290625 0.546875 0.04375 0.08125
0 0.328125 0.50546875 0.0515625 0.0859375
0 0.16953125 0.65 0.05 0.0859375
0 0.13984375 0.6359375 0.0515625 0.084375
0 0.10703125 0.6140625 0.0515625 0.0859375
0 0.0796875 0.59140625 0.0421875 0.078125
0 0.046875 0.571875 0.046875 0.078125
0 0.05625 0.48359375 0.053125 0.08125
0 0.11953125 0.52734375 0.0421875 0.0796875
0 0.1515625 0.54375 0.0453125 0.0859375
0 0.18203125 0.56171875 0.05 0.0734375
0 0.140625 0.371875 0.059375 0.078125
0 0.10234375 0.21484375 0.05 0.08125
0 0.0765625 0.20390625 0.0515625 0.090625
0 0.053125 0.18671875 0.0421875 0.0765625
0 0.065625 0.11171875 0.04375 0.078125
0 0.03515625 0.09921875 0.046875 0.0671875