0 0.33515625 0.76875 0.040625 0.0828125
0 0.30234375 0.74765625 0.046875 0.075
0 0.275 0.7234375 0.0421875 0.0796875
0 0.2484375 0.6953125 0.0328125 0.078125
0 0.265625 0.609375 0.04375 0.0734375
0 0.29140625 0.63359375 0.0421875 0.078125
0 0.321875 0.6546875 0.0390625 0.0703125
0 0.2875 0.528125 0.0375 0.0796875
0 0.328125 0.48984375 0.0453125 0.0828125
0 0.15703125 0.6203125 0.0421875 0.084375
0 0.12890625 0.60390625 0.0453125 0.08125
0 0.09921875 0.5796875 0.0453125 0.0828125
0 0.0734375 0.5546875 0.0359375 0.0765625
0 0.0421875 0.53203125 0.040625 0.0765625
0 0.059375 0.44453125 0.046875 0.078125
0 0.11875 0.49453125 0.0359375 0.078125
0 0.14921875 0.51328125 0.0390625 0.084375
0 0.178125 0.534375 0.0453125 0.0703125
0 0.153125 0.34140625 0.053125 0.075
0 0.12890625 0.18125 0.04375 0.078125
0 0.10390625 0.16796875 0.0453125 0.0875
0 0.08203125 0.1484375 0.0359375 0.075
0 0.1015625 0.07578125 0.0375 0.0765625
0 0.071875 0.06015625 0.0421875 0.0640625