0 0.32109375 0.759375 0.0359375 0.08046875
0 0.28984375 0.73671875 0.04375 0.07265625
0 0.26328125 0.71171875 0.03828125 0.07734375
0 0.23828125 0.68203125 0.02890625 0.07734375
0 0.26015625 0.596875 0.03984375 0.07109375
0 0.284375 0.62265625 0.03828125 0.07578125
0 0.3140625 0.6453125 0.0359375 0.06796875
0 0.2859375 0.5171875 0.03359375 0.07734375
0 0.32890625 0.48125 0.040625 0.08046875
0 0.1515625 0.60234375 0.03828125 0.08203125
0 0.12421875 0.584375 0.040625 0.07890625
0 0.0953125 0.55859375 0.040625 0.08046875
0 0.07109375 0.53203125 0.03203125 0.07421875
0 0.04140625 0.5078125 0.0375 0.07421875
0 0.0625 0.421875 0.04375 0.07578125
0 0.11953125 0.47421875 0.03203125 0.07578125
0 0.14921875 0.49453125 0.034375 0.08203125
0 0.1765625 0.5171875 0.04140625 0.06796875
0 0.16171875 0.3234375 0.04921875 0.07265625
0 0.14609375 0.1625 0.03984375 0.07578125
0 0.121875 0.14765625 0.040625 0.08515625
0 0.10078125 0.12734375 0.0328125 0.07265625
0 0.12421875 0.05546875 0.034375 0.07421875
0 0.0953125 0.03828125 0.03828125 0.06171875