0 0.41796875 0.57265625 0.15390625 0.15859375
0 0.55703125 0.4203125 0.14296875 0.11796875
0 0.503125 0.37109375 0.10859375 0.1515625
0 0.46640625 0.334375 0.08828125 0.146875
0 0.4359375 0.30546875 0.07734375 0.146875
0 0.39765625 0.2875 0.08984375 0.11796875
0 0.36796875 0.24921875 0.09765625 0.12265625
0 0.34140625 0.2296875 0.1 0.1140625
0 0.73515625 0.33046875 0.1328125 0.1078125
0 0.6859375 0.27265625 0.12578125 0.0890625
0 0.6078125 0.23515625 0.1109375 0.08203125
0 0.5671875 0.2046875 0.115625 0.08515625
0 0.53046875 0.175 0.1015625 0.09765625
0 0.3171875 0.19453125 0.096875 0.08515625
0 0.29296875 0.17421875 0.0828125 0.08203125
0 0.2703125 0.1515625 0.0953125 0.0921875
0 0.23984375 0.121875 0.0796875 0.08359375
0 0.19375 0.0890625 0.090625 0.08515625
0 0.46875 0.140625 0.07890625 0.090625
0 0.43984375 0.1203125 0.0921875 0.08046875
0 0.39609375 0.08515625 0.08984375 0.075
0 0.3484375 0.053125 0.07734375 0.071875