0 0.43515625 0.58828125 0.1828125 0.1875
0 0.5390625 0.41015625 0.1640625 0.1453125
0 0.4765625 0.3734375 0.1375 0.1703125
0 0.4328125 0.3453125 0.1171875 0.1625
0 0.396875 0.32265625 0.10625 0.159375
0 0.35546875 0.31328125 0.1125 0.134375
0 0.31875 0.28203125 0.1203125 0.140625
0 0.28828125 0.26875 0.121875 0.1328125
0 0.69453125 0.28515625 0.1515625 0.1328125
0 0.634375 0.2390625 0.1421875 0.1125
0 0.55078125 0.21875 0.125 0.103125
0 0.5046875 0.196875 0.13125 0.1078125
0 0.4625 0.17578125 0.1203125 0.1171875
0 0.2578125 0.2390625 0.1125 0.103125
0 0.2296875 0.22421875 0.0984375 0.096875
0 0.203125 0.20703125 0.1125 0.109375
0 0.1671875 0.184375 0.0953125 0.0984375
0 0.11484375 0.16171875 0.10625 0.1015625
0 0.39453125 0.1546875 0.0953125 0.1046875
0 0.3625 0.14140625 0.10625 0.0984375
0 0.3125 0.115625 0.103125 0.0921875
0 0.25859375 0.09453125 0.090625 0.0859375