0 0.40390625 0.55234375 0.1859375 0.1890625
0 0.5734375 0.43515625 0.165625 0.146875
0 0.53203125 0.375 0.140625 0.171875
0 0.5046875 0.33125 0.11875 0.1625
0 0.48125 0.29609375 0.1078125 0.1609375
0 0.4484375 0.2703125 0.1140625 0.134375
0 0.428125 0.22578125 0.1234375 0.1421875
0 0.40625 0.20078125 0.1234375 0.134375
0 0.7671875 0.3875 0.153125 0.134375
0 0.73203125 0.3203125 0.1421875 0.115625
0 0.66484375 0.26640625 0.1265625 0.1046875
0 0.63203125 0.22734375 0.13125 0.109375
0 0.603125 0.18984375 0.1203125 0.11875
0 0.390625 0.1609375 0.1140625 0.1046875
0 0.371875 0.1359375 0.0984375 0.0984375
0 0.3546875 0.10859375 0.1140625 0.1109375
0 0.33125 0.07265625 0.096875 0.1
0 0.29296875 0.040625 0.1078125 0.08125
0 0.55078125 0.14296875 0.096875 0.10625
0 0.5265625 0.11640625 0.1078125 0.0984375
0 0.4921875 0.07265625 0.1046875 0.09375
0 0.45234375 0.03671875 0.0921875 0.0734375