0 0.0671875 0.153125 0.134375 0.096875
0 0.2375 0.153125 0.2328125 0.109375
0 0.45703125 0.140625 0.1703125 0.0875
0 0.6515625 0.09609375 0.1921875 0.1046875
0 0.8421875 0.04921875 0.165625 0.0984375
0 0.80703125 0.15625 0.2890625 0.13125
0 0.55390625 0.2078125 0.234375 0.115625
0 0.33046875 0.240625 0.2359375 0.115625
0 0.09921875 0.2546875 0.1984375 0.103125
0 0.1125 0.36328125 0.2015625 0.1140625
0 0.36015625 0.33671875 0.2625 0.140625
0 0.61484375 0.30234375 0.209375 0.1234375
0 0.8421875 0.25703125 0.234375 0.1234375
0 0.84765625 0.3703125 0.240625 0.115625
0 0.60859375 0.40078125 0.2359375 0.1125
0 0.3828125 0.4578125 0.209375 0.109375
0 0.140625 0.46875 0.2375 0.125
0 0.15078125 0.578125 0.2203125 0.115625
0 0.39375 0.559375 0.2125 0.1140625
0 0.6484375 0.5125 0.2515625 0.1296875
0 0.8859375 0.46640625 0.1796875 0.109375
0 0.87421875 0.58203125 0.2515625 0.1484375
0 0.62578125 0.634375 0.271875 0.15625
0 0.4046875 0.675 0.2078125 0.1515625
0 0.1953125 0.68359375 0.2828125 0.14375
0 0.2203125 0.80234375 0.3234375 0.1578125
0 0.5484375 0.765625 0.2625 0.125
0 0.84375 0.70859375 0.3109375 0.1359375
0 0.25625 0.9046875 0.3453125 0.146875
0 0.578125 0.86015625 0.2921875 0.1390625
0 0.8671875 0.81171875 0.265625 0.1359375