0 0.1 0.09453125 0.16484375 0.075
0 0.28828125 0.1203125 0.22421875 0.07890625
0 0.5078125 0.13828125 0.1625 0.065625
0 0.70625 0.12109375 0.1828125 0.08046875
0 0.90234375 0.09921875 0.15625 0.08203125
0 0.8515625 0.20234375 0.27890625 0.09375
0 0.59375 0.21796875 0.22421875 0.08515625
0 0.36796875 0.21953125 0.2265625 0.08515625
0 0.12734375 0.2 0.2109375 0.075
0 0.13515625 0.3109375 0.19140625 0.0890625
0 0.384375 0.31875 0.25078125 0.10703125
0 0.64140625 0.3203125 0.19765625 0.096875
0 0.87265625 0.30703125 0.22421875 0.09375
0 0.8625 0.4203125 0.23046875 0.08515625
0 0.62109375 0.4171875 0.2265625 0.08203125
0 0.38984375 0.4421875 0.2 0.08203125
0 0.1484375 0.41875 0.2265625 0.09375
0 0.14296875 0.52890625 0.2109375 0.08671875
0 0.38671875 0.54375 0.20234375 0.08671875
0 0.6453125 0.5328125 0.23984375 0.096875
0 0.88671875 0.5203125 0.16953125 0.08671875
0 0.86953125 0.63515625 0.25703125 0.1140625
0 0.60546875 0.65078125 0.25703125 0.121875
0 0.38125 0.66015625 0.19140625 0.12578125
0 0.17265625 0.6390625 0.2703125 0.10703125
0 0.18125 0.76015625 0.31015625 0.115625
0 0.5109375 0.76953125 0.253125 0.090625
0 0.81171875 0.7546875 0.30078125 0.0953125
0 0.20234375 0.8671875 0.334375 0.10078125
0 0.52734375 0.8671875 0.28125 0.10078125
0 0.825 0.86015625 0.26171875 0.10078125