0 0.14375 0.87734375 0.2859375 0.171875
0 0.63671875 0.70546875 0.196875 0.1265625
0 0.6609375 0.60390625 0.153125 0.0796875
0 0.7421875 0.53984375 0.1359375 0.0796875
0 0.62578125 0.49765625 0.109375 0.0734375
0 0.72265625 0.4515625 0.065625 0.040625
0 0.55546875 0.45234375 0.0796875 0.0640625
0 0.38203125 0.434375 0.0875 0.0546875
0 0.39453125 0.38984375 0.071875 0.0484375
0 0.49609375 0.38515625 0.0640625 0.05625
0 0.58828125 0.390625 0.0578125 0.0578125
0 0.69453125 0.384375 0.0515625 0.053125
0 0.56171875 0.3515625 0.0453125 0.028125
0 0.53203125 0.3078125 0.034375 0.034375
0 0.56640625 0.3234375 0.0453125 0.0328125
0 0.7078125 0.3015625 0.0359375 0.0265625
0 0.67890625 0.2953125 0.025 0.021875