0 0.15703125 0.88984375 0.28046875 0.16171875
0 0.64375 0.70078125 0.19296875 0.1203125
0 0.66484375 0.5984375 0.15 0.07421875
0 0.74375 0.53125 0.1328125 0.07578125
0 0.62578125 0.49296875 0.10703125 0.06953125
0 0.72109375 0.44375 0.0640625 0.03828125
0 0.55390625 0.45078125 0.078125 0.06171875
0 0.3796875 0.43828125 0.0859375 0.05234375
0 0.390625 0.39375 0.06953125 0.04609375
0 0.4921875 0.38515625 0.0625 0.05390625
0 0.584375 0.3875 0.05546875 0.05546875
0 0.690625 0.37734375 0.05 0.05078125
0 0.55625 0.34921875 0.04453125 0.0265625
0 0.525 0.30703125 0.0328125 0.03359375
0 0.56015625 0.32109375 0.04375 0.03203125
0 0.70078125 0.29453125 0.034375 0.025
0 0.671875 0.2890625 0.025 0.02109375