0 0.12109375 0.8171875 0.2421875 0.2125
0 0.603125 0.72421875 0.2125 0.1546875
0 0.64296875 0.628125 0.1609375 0.1015625
0 0.73359375 0.57734375 0.1453125 0.1
0 0.625 0.5171875 0.11875 0.0890625
0 0.728125 0.48671875 0.0703125 0.05
0 0.5625 0.46171875 0.0890625 0.075
0 0.39375 0.41640625 0.09375 0.0671875
0 0.41328125 0.375 0.0765625 0.0578125
0 0.5140625 0.3859375 0.071875 0.0640625
0 0.60390625 0.40546875 0.065625 0.065625
0 0.71015625 0.415625 0.059375 0.059375
0 0.584375 0.3625 0.0484375 0.034375
0 0.56171875 0.315625 0.0390625 0.0390625
0 0.59296875 0.3359375 0.0484375 0.0390625
0 0.7359375 0.33671875 0.0390625 0.03125
0 0.70859375 0.32578125 0.028125 0.025