0 0.3578125 0.0328125 0.15625 0.065625
0 0.521875 0.0515625 0.1375 0.103125
0 0.73203125 0.0859375 0.1484375 0.0765625
0 0.98984375 0.3078125 0.0203125 0.109375
0 0.8671875 0.165625 0.11875 0.075
0 0.875 0.2375 0.1234375 0.1015625
0 0.88515625 0.309375 0.11875 0.096875
0 0.89609375 0.38671875 0.128125 0.096875
0 0.9140625 0.46484375 0.1203125 0.096875
0 0.928125 0.559375 0.128125 0.109375
0 0.92890625 0.6625 0.1109375 0.121875
0 0.7921875 0.9671875 0.20625 0.065625
0 0.79453125 0.8984375 0.2265625 0.1640625
0 0.78203125 0.7875 0.215625 0.1328125
0 0.775 0.6875 0.2015625 0.1296875
0 0.75625 0.62578125 0.2125 0.1375
0 0.75390625 0.5359375 0.20625 0.1328125
0 0.7453125 0.471875 0.1984375 0.11875
0 0.7453125 0.415625 0.1890625 0.1046875
0 0.7359375 0.34765625 0.1734375 0.109375
0 0.7359375 0.2734375 0.159375 0.096875
0 0.72890625 0.20703125 0.159375 0.0953125
0 0.7234375 0.14375 0.153125 0.0953125
0 0.53046875 0.12890625 0.1671875 0.109375
0 0.528125 0.2015625 0.1640625 0.1171875
0 0.5265625 0.278125 0.16875 0.10625
0 0.5265625 0.384375 0.1859375 0.1140625
0 0.53046875 0.45078125 0.1890625 0.1140625
0 0.52578125 0.52734375 0.196875 0.13125
0 0.53515625 0.66640625 0.1890625 0.1328125
0 0.5296875 0.78203125 0.2171875 0.1390625
0 0.528125 0.89140625 0.2203125 0.1578125
0 0.23984375 0.8875 0.2375 0.1703125
0 0.259375 0.7546875 0.2296875 0.1609375
0 0.27734375 0.6390625 0.2203125 0.15625
0 0.28359375 0.515625 0.2125 0.1421875
0 0.29375 0.4234375 0.2078125 0.1375
0 0.30703125 0.35546875 0.190625 0.1171875
0 0.3203125 0.28671875 0.184375 0.109375
0 0.34609375 0.19453125 0.1984375 0.1265625
0 0.35390625 0.11640625 0.16875 0.10625
0 0.0234375 0.82421875 0.046875 0.1421875
0 0.034375 0.734375 0.06875 0.115625
0 0.04296875 0.67265625 0.0859375 0.1203125
0 0.04296875 0.60703125 0.0859375 0.1015625
0 0.05 0.54140625 0.1 0.0953125
0 0.05546875 0.4859375 0.1109375 0.09375
0 0.06171875 0.43515625 0.1234375 0.0953125
0 0.0703125 0.37890625 0.121875 0.09375
0 0.08671875 0.33359375 0.1359375 0.11875
0 0.0921875 0.28515625 0.115625 0.08125
0 0.10703125 0.23671875 0.121875 0.090625
0 0.11796875 0.1953125 0.121875 0.0859375
0 0.1265625 0.15234375 0.1203125 0.0875
0 0.13671875 0.11171875 0.1171875 0.084375
0 0.14765625 0.07265625 0.11875 0.0765625
0 0.16015625 0.03515625 0.1234375 0.0703125