0 0.24296875 0.05546875 0.13984375 0.0875
0 0.41171875 0.05703125 0.121875 0.08203125
0 0.625 0.0421875 0.1421875 0.04296875
0 0.9640625 0.18671875 0.071875 0.0953125
0 0.965625 0.075 0.06796875 0.1
0 0.775 0.08671875 0.109375 0.05078125
0 0.8 0.1546875 0.10859375 0.07734375
0 0.82734375 0.221875 0.103125 0.07421875
0 0.85703125 0.29453125 0.1140625 0.071875
0 0.89296875 0.365625 0.10625 0.07265625
0 0.9296875 0.45390625 0.11015625 0.08515625
0 0.95546875 0.55390625 0.0890625 0.10390625
0 0.909375 0.93359375 0.18046875 0.13125
0 0.88203125 0.815625 0.20390625 0.11796875
0 0.84296875 0.7109375 0.20078125 0.0875
0 0.8125 0.615625 0.18515625 0.0875
0 0.77890625 0.56015625 0.19609375 0.0921875
0 0.7546875 0.4734375 0.18984375 0.0890625
0 0.73125 0.41328125 0.18515625 0.07578125
0 0.7171875 0.35859375 0.178125 0.0640625
0 0.6921875 0.2953125 0.1609375 0.07265625
0 0.67421875 0.2234375 0.14921875 0.0625
0 0.6515625 0.16015625 0.14921875 0.0609375
0 0.63046875 0.1 0.1421875 0.0625
0 0.43984375 0.1328125 0.153125 0.07421875
0 0.45546875 0.20390625 0.1484375 0.08359375
0 0.471875 0.278125 0.15625 0.0703125
0 0.49765625 0.38125 0.1734375 0.07421875
0 0.51796875 0.44453125 0.17734375 0.07265625
0 0.53125 0.5203125 0.18046875 0.090625
0 0.57421875 0.653125 0.171875 0.09375
0 0.596875 0.76640625 0.2 0.09375
0 0.621875 0.87265625 0.1984375 0.11328125
0 0.34140625 0.9390625 0.21484375 0.121875
0 0.328125 0.80546875 0.2078125 0.11328125
0 0.31796875 0.6890625 0.1984375 0.11171875
0 0.29375 0.5671875 0.19375 0.0984375
0 0.28125 0.47578125 0.19140625 0.09375
0 0.278125 0.40625 0.178125 0.07578125
0 0.27421875 0.33671875 0.1734375 0.06875
0 0.2765625 0.240625 0.1828125 0.08515625
0 0.265625 0.16328125 0.15625 0.0703125
0 0.06484375 0.94296875 0.1296875 0.1140625
0 0.06640625 0.85078125 0.1328125 0.0859375
0 0.06640625 0.7859375 0.1328125 0.090625
0 0.059375 0.7203125 0.11875 0.075
0 0.059375 0.653125 0.11875 0.06875
0 0.0578125 0.596875 0.11484375 0.06875
0 0.0578125 0.54375 0.115625 0.06875
0 0.05390625 0.48671875 0.1078125 0.06953125
0 0.05859375 0.43828125 0.11640625 0.09375
0 0.05234375 0.38984375 0.1046875 0.0578125
0 0.0546875 0.33984375 0.109375 0.065625
0 0.05546875 0.296875 0.11015625 0.0609375
0 0.05390625 0.253125 0.1078125 0.0625
0 0.053125 0.2109375 0.10625 0.0609375
0 0.0546875 0.1703125 0.109375 0.05234375
0 0.0546875 0.1203125 0.109375 0.06875