0 0.25078125 0.05078125 0.140625 0.090625
0 0.41953125 0.05546875 0.1234375 0.084375
0 0.6328125 0.04453125 0.1421875 0.0453125
0 0.96640625 0.19375 0.0671875 0.096875
0 0.96875 0.08203125 0.0625 0.1015625
0 0.78203125 0.09140625 0.1109375 0.053125
0 0.80625 0.16015625 0.109375 0.0796875
0 0.83203125 0.22734375 0.1046875 0.0765625
0 0.8609375 0.30078125 0.115625 0.0734375
0 0.8953125 0.37265625 0.1078125 0.075
0 0.93046875 0.46171875 0.1109375 0.0875
0 0.9546875 0.56171875 0.090625 0.1046875
0 0.90078125 0.93671875 0.1828125 0.1265625
0 0.8765625 0.821875 0.20625 0.121875
0 0.8390625 0.7171875 0.2015625 0.090625
0 0.81015625 0.62109375 0.1859375 0.090625
0 0.778125 0.56484375 0.1984375 0.0953125
0 0.75546875 0.478125 0.190625 0.0921875
0 0.7328125 0.4171875 0.1859375 0.0796875
0 0.71953125 0.3625 0.1796875 0.0671875
0 0.69609375 0.2984375 0.1625 0.075
0 0.67890625 0.2265625 0.15 0.065625
0 0.6578125 0.1625 0.15 0.0640625
0 0.6375 0.10234375 0.14375 0.065625
0 0.44609375 0.13203125 0.1546875 0.0765625
0 0.4609375 0.203125 0.15 0.0859375
0 0.47578125 0.27734375 0.1578125 0.0734375
0 0.5 0.38125 0.175 0.0765625
0 0.51875 0.44453125 0.178125 0.075
0 0.53125 0.52109375 0.18125 0.09375
0 0.571875 0.6546875 0.1734375 0.096875
0 0.5921875 0.76796875 0.2015625 0.096875
0 0.615625 0.875 0.2 0.1171875
0 0.33359375 0.9359375 0.2171875 0.125
0 0.32265625 0.80234375 0.209375 0.1171875
0 0.31484375 0.6859375 0.2 0.115625
0 0.29296875 0.56328125 0.1953125 0.1015625
0 0.28203125 0.471875 0.19375 0.096875
0 0.2796875 0.40234375 0.1796875 0.078125
0 0.27734375 0.3328125 0.175 0.071875
0 0.28125 0.23671875 0.184375 0.0890625
0 0.271875 0.159375 0.1578125 0.0734375
0 0.0609375 0.934375 0.121875 0.115625
0 0.06328125 0.8421875 0.1265625 0.0875
0 0.0640625 0.77734375 0.128125 0.0921875
0 0.0578125 0.71171875 0.115625 0.0765625
0 0.05859375 0.64453125 0.1171875 0.0703125
0 0.05703125 0.58828125 0.1140625 0.0703125
0 0.0578125 0.53515625 0.115625 0.0703125
0 0.05390625 0.478125 0.1078125 0.071875
0 0.059375 0.43046875 0.11875 0.0953125
0 0.0546875 0.38203125 0.10625 0.059375
0 0.0578125 0.33203125 0.1109375 0.0671875
0 0.059375 0.2890625 0.1109375 0.0625
0 0.05859375 0.2453125 0.109375 0.0640625
0 0.05859375 0.203125 0.1078125 0.0625
0 0.06015625 0.1625 0.1109375 0.0546875
0 0.06171875 0.1125 0.1109375 0.0703125