0 0.20703125 0.80625 0.140625 0.1515625
0 0.05390625 0.709375 0.1078125 0.15
0 0.04609375 0.58359375 0.0921875 0.1390625
0 0.246875 0.6140625 0.1328125 0.140625
0 0.12578125 0.5390625 0.1140625 0.1140625
0 0.34140625 0.684375 0.1 0.11875
0 0.4328125 0.734375 0.1078125 0.121875
0 0.53984375 0.7953125 0.11875 0.1375
0 0.64296875 0.87890625 0.1203125 0.1078125
0 0.64609375 0.959375 0.1296875 0.08125
0 0.35234375 0.878125 0.128125 0.121875
0 0.86796875 0.76015625 0.1140625 0.1375
0 0.7671875 0.7 0.1203125 0.1296875
0 0.6765625 0.66875 0.09375 0.1140625
0 0.59453125 0.61640625 0.1 0.11875
0 0.5078125 0.5515625 0.1046875 0.1203125
0 0.42265625 0.4984375 0.1140625 0.13125
0 0.34140625 0.44453125 0.1109375 0.1296875
0 0.2578125 0.4015625 0.10625 0.1203125
0 0.16796875 0.346875 0.1015625 0.1203125
0 0.07109375 0.2953125 0.1046875 0.11875
0 0.8890625 0.61484375 0.0984375 0.11875
0 0.7296875 0.52734375 0.0890625 0.1171875
0 0.6421875 0.4765625 0.10625 0.11875
0 0.55546875 0.4328125 0.090625 0.09375
0 0.39765625 0.33125 0.0796875 0.0921875
0 0.32421875 0.29453125 0.090625 0.1
0 0.25 0.25078125 0.0953125 0.1078125
0 0.17421875 0.20390625 0.0890625 0.0984375
0 0.0953125 0.16328125 0.1 0.1171875
0 0.3375 0.15390625 0.09375 0.10625
0 0.43359375 0.19765625 0.0890625 0.0984375
0 0.5140625 0.24453125 0.1015625 0.125
0 0.6046875 0.2828125 0.09375 0.121875
0 0.7015625 0.34453125 0.1046875 0.1328125
0 0.79375 0.40078125 0.1 0.1234375
0 0.89609375 0.45078125 0.1015625 0.1171875
0 0.96953125 0.5046875 0.0609375 0.109375
0 0.96953125 0.3703125 0.0609375 0.134375
0 0.90234375 0.328125 0.13125 0.1375
0 0.78984375 0.26328125 0.134375 0.1453125
0 0.6953125 0.21328125 0.1171875 0.13125
0 0.59375 0.15390625 0.109375 0.121875
0 0.50390625 0.1078125 0.115625 0.1265625
0 0.40703125 0.0640625 0.109375 0.1109375
0 0.31484375 0.03359375 0.1015625 0.0671875
0 0.63515625 0.05859375 0.10625 0.1
0 0.72109375 0.0890625 0.1171875 0.1171875
0 0.81796875 0.13828125 0.13125 0.1265625
0 0.925 0.18984375 0.125 0.125
0 0.98671875 0.2359375 0.0265625 0.10625
0 0.9609375 0.09921875 0.078125 0.0765625