0 0.240625 0.83515625 0.1265625 0.140625
0 0.0625 0.75625 0.125 0.1375
0 0.0484375 0.63203125 0.096875 0.1296875
0 0.26015625 0.63984375 0.1203125 0.13125
0 0.13203125 0.57734375 0.1046875 0.1046875
0 0.3609375 0.7 0.0890625 0.1109375
0 0.4578125 0.740625 0.096875 0.1140625
0 0.5703125 0.7890625 0.1078125 0.128125
0 0.68203125 0.86171875 0.1109375 0.0984375
0 0.69453125 0.953125 0.1203125 0.09375
0 0.39296875 0.89140625 0.1171875 0.1125
0 0.89296875 0.7203125 0.1015625 0.128125
0 0.78671875 0.67109375 0.109375 0.1203125
0 0.69296875 0.64921875 0.0828125 0.10625
0 0.60625 0.60546875 0.090625 0.1109375
0 0.51328125 0.55078125 0.0953125 0.1125
0 0.42265625 0.50703125 0.1015625 0.1234375
0 0.3359375 0.46171875 0.1 0.121875
0 0.2484375 0.42734375 0.096875 0.1125
0 0.15390625 0.3828125 0.090625 0.1125
0 0.05234375 0.34140625 0.09375 0.109375
0 0.89921875 0.5734375 0.0890625 0.1125
0 0.73125 0.50390625 0.078125 0.1109375
0 0.6390625 0.46171875 0.096875 0.109375
0 0.5484375 0.42734375 0.0828125 0.0859375
0 0.38046875 0.34296875 0.071875 0.0859375
0 0.30390625 0.3140625 0.0828125 0.0921875
0 0.225 0.278125 0.0859375 0.1015625
0 0.1453125 0.23984375 0.0796875 0.0921875
0 0.0625 0.20703125 0.0890625 0.109375
0 0.30234375 0.17265625 0.0859375 0.1
0 0.40234375 0.20625 0.0796875 0.0921875
0 0.4875 0.24453125 0.090625 0.1171875
0 0.58125 0.27265625 0.0828125 0.1140625
0 0.684375 0.32421875 0.09375 0.125
0 0.78203125 0.37109375 0.090625 0.115625
0 0.8890625 0.409375 0.0921875 0.109375
0 0.97109375 0.45546875 0.0578125 0.1046875
0 0.9640625 0.3203125 0.071875 0.128125
0 0.88203125 0.28671875 0.11875 0.128125
0 0.76328125 0.234375 0.121875 0.134375
0 0.6640625 0.19375 0.10625 0.121875
0 0.55703125 0.14609375 0.1 0.1125
0 0.4625 0.109375 0.10625 0.1171875
0 0.36171875 0.0765625 0.1 0.103125
0 0.265625 0.04296875 0.09375 0.0859375
0 0.58828125 0.046875 0.0984375 0.090625
0 0.6765625 0.06796875 0.1078125 0.1078125
0 0.77890625 0.10703125 0.121875 0.115625
0 0.88984375 0.14765625 0.1140625 0.115625
0 0.9734375 0.184375 0.053125 0.1
0 0.93828125 0.05234375 0.115625 0.065625