0 0.25859375 0.8484375 0.1203125 0.13515625
0 0.07578125 0.77890625 0.121875 0.13203125
0 0.05234375 0.65625 0.0984375 0.125
0 0.26796875 0.65234375 0.1140625 0.125
0 0.13671875 0.596875 0.1 0.09921875
0 0.371875 0.70703125 0.084375 0.10625
0 0.4703125 0.7421875 0.09140625 0.109375
0 0.58515625 0.78515625 0.10078125 0.1234375
0 0.70078125 0.8515625 0.10703125 0.0921875
0 0.71796875 0.94375 0.11640625 0.08984375
0 0.41328125 0.896875 0.1125 0.10625
0 0.90390625 0.69921875 0.0953125 0.1234375
0 0.7953125 0.65546875 0.10390625 0.11484375
0 0.70078125 0.6390625 0.078125 0.10234375
0 0.61171875 0.6 0.08515625 0.10625
0 0.515625 0.55 0.0890625 0.1078125
0 0.4234375 0.5109375 0.09609375 0.11796875
0 0.334375 0.4703125 0.09375 0.11640625
0 0.2453125 0.440625 0.090625 0.1078125
0 0.1484375 0.40078125 0.08515625 0.1078125
0 0.04453125 0.36484375 0.0890625 0.10546875
0 0.90234375 0.55234375 0.0828125 0.1078125
0 0.73125 0.49140625 0.07265625 0.1078125
0 0.63671875 0.4546875 0.09140625 0.10546875
0 0.54453125 0.425 0.078125 0.08203125
0 0.37265625 0.34921875 0.0671875 0.08203125
0 0.29453125 0.32421875 0.078125 0.08828125
0 0.2140625 0.29296875 0.08046875 0.096875
0 0.13203125 0.25859375 0.07578125 0.08828125
0 0.04765625 0.23046875 0.084375 0.10546875
0 0.28515625 0.18359375 0.08046875 0.0953125
0 0.38671875 0.21171875 0.07578125 0.08828125
0 0.47421875 0.2453125 0.084375 0.1125
0 0.56953125 0.26875 0.0765625 0.1109375
0 0.675 0.31484375 0.0875 0.12109375
0 0.775 0.35625 0.084375 0.1109375
0 0.88359375 0.3890625 0.08671875 0.10546875
0 0.97109375 0.43046875 0.0578125 0.10234375
0 0.9609375 0.29609375 0.078125 0.1234375
0 0.8703125 0.2671875 0.11328125 0.121875
0 0.74921875 0.22109375 0.115625 0.12890625
0 0.64765625 0.1859375 0.1 0.11640625
0 0.53828125 0.14375 0.09375 0.1078125
0 0.4421875 0.11171875 0.1 0.1125
0 0.33984375 0.084375 0.0953125 0.09765625
0 0.2421875 0.05078125 0.0890625 0.090625
0 0.5640625 0.04296875 0.09375 0.0859375
0 0.65390625 0.059375 0.10234375 0.10234375
0 0.7578125 0.09296875 0.115625 0.109375
0 0.87109375 0.12734375 0.10859375 0.109375
0 0.96640625 0.159375 0.0671875 0.096875
0 0.9140625 0.0296875 0.1125 0.059375