0 0.79140625 0.8875 0.3046875 0.19375
0 0.82265625 0.73359375 0.3546875 0.3078125
0 0.78828125 0.56171875 0.275 0.190625
0 0.7734375 0.46796875 0.23125 0.1359375
0 0.75390625 0.39609375 0.1828125 0.0875
0 0.721875 0.35078125 0.1265625 0.08125
0 0.71640625 0.32265625 0.1171875 0.084375
0 0.26171875 0.778125 0.3390625 0.3609375
0 0.3546875 0.6171875 0.2265625 0.2609375
0 0.40546875 0.4984375 0.165625 0.171875
0 0.465625 0.4390625 0.14375 0.184375
0 0.49375 0.37578125 0.11875 0.1375
0 0.5140625 0.34140625 0.1078125 0.1328125
0 0.5359375 0.30390625 0.0953125 0.1046875
0 0.5484375 0.265625 0.078125 0.0765625
0 0.0859375 0.5296875 0.171875 0.203125
0 0.16484375 0.4390625 0.1703125 0.159375
0 0.24296875 0.3828125 0.1453125 0.1328125
0 0.29609375 0.33671875 0.125 0.11875
0 0.34140625 0.3 0.10625 0.1015625
0 0.36953125 0.2765625 0.09375 0.0875
0 0.4015625 0.25 0.0890625 0.078125