0 0.640625 0.9265625 0.315625 0.146875
0 0.725 0.83125 0.3796875 0.3375
0 0.75 0.65625 0.2875 0.2140625
0 0.76796875 0.56328125 0.2390625 0.15625
0 0.77421875 0.48984375 0.1875 0.1046875
0 0.759375 0.4359375 0.13125 0.09375
0 0.7640625 0.4078125 0.121875 0.09375
0 0.18203125 0.67890625 0.3640625 0.3859375
0 0.3234375 0.56015625 0.2484375 0.2765625
0 0.41171875 0.465625 0.178125 0.184375
0 0.4890625 0.43046875 0.159375 0.19375
0 0.5359375 0.38125 0.1296875 0.1453125
0 0.56796875 0.35625 0.11875 0.1390625
0 0.60078125 0.32734375 0.103125 0.1125
0 0.62578125 0.29609375 0.084375 0.0828125
0 0.09765625 0.38515625 0.1953125 0.2171875
0 0.20625 0.328125 0.18125 0.171875
0 0.2984375 0.30234375 0.1546875 0.14375
0 0.3640625 0.2765625 0.1328125 0.128125
0 0.41953125 0.2578125 0.1140625 0.1109375
0 0.45390625 0.2453125 0.1 0.0953125
0 0.49296875 0.23125 0.0953125 0.084375