0 0.7421875 0.9203125 0.28671875 0.159375
0 0.79375 0.771875 0.32734375 0.2703125
0 0.77890625 0.59609375 0.2578125 0.16015625
0 0.775 0.5015625 0.21953125 0.11015625
0 0.76484375 0.428125 0.1765625 0.06640625
0 0.73828125 0.37890625 0.11953125 0.06796875
0 0.73671875 0.35078125 0.10859375 0.071875
0 0.2296875 0.746875 0.30078125 0.3265625
0 0.34140625 0.5984375 0.19921875 0.23828125
0 0.40625 0.48671875 0.14765625 0.15546875
0 0.4734375 0.43515625 0.12421875 0.1703125
0 0.50859375 0.37578125 0.1046875 0.125
0 0.53359375 0.34453125 0.09296875 0.121875
0 0.559375 0.309375 0.084375 0.0953125
0 0.5765625 0.2734375 0.07109375 0.06796875
0 0.08046875 0.47890625 0.1609375 0.18515625
0 0.175 0.3984375 0.15390625 0.14140625
0 0.259375 0.35234375 0.13125 0.1171875
0 0.3171875 0.31328125 0.1125 0.10546875
0 0.3671875 0.28203125 0.0953125 0.09140625
0 0.39765625 0.2625 0.084375 0.078125
0 0.4328125 0.23984375 0.08203125 0.06796875