0 0.090625 0.109375 0.15234375 0.0421875
0 0.65625 0.03984375 0.125 0.04140625
0 0.85390625 0.0453125 0.115625 0.0359375
0 0.334375 0.1078125 0.13984375 0.0453125
0 0.7546875 0.040625 0.06171875 0.0421875
0 0.9609375 0.046875 0.0734375 0.0375
0 0.21015625 0.1078125 0.075 0.0421875
0 0.4546875 0.10234375 0.08046875 0.0421875
0 0.578125 0.1046875 0.13359375 0.0421875
0 0.68984375 0.10625 0.0765625 0.040625
0 0.8125 0.10234375 0.1359375 0.0578125
0 0.92890625 0.1 0.0796875 0.0515625
0 0.0765625 0.1671875 0.11484375 0.04140625
0 0.17578125 0.16484375 0.06796875 0.046875
0 0.31171875 0.16484375 0.17578125 0.04296875
0 0.440625 0.16484375 0.0765625 0.0484375
0 0.5671875 0.1640625 0.15078125 0.04453125
0 0.69296875 0.16484375 0.0828125 0.0515625
0 0.82421875 0.16796875 0.16171875 0.0453125
0 0.9515625 0.16640625 0.078125 0.04765625
0 0.075 0.22578125 0.13984375 0.04765625
0 0.18828125 0.225 0.075 0.0484375
0 0.3125 0.22578125 0.15859375 0.0484375
0 0.4328125 0.22578125 0.071875 0.0515625
0 0.55703125 0.22421875 0.15859375 0.046875
0 0.69453125 0.2265625 0.09296875 0.04921875
0 0.83046875 0.22578125 0.1515625 0.0546875
0 0.94921875 0.22421875 0.0703125 0.0484375
0 0.14765625 0.29765625 0.21015625 0.05546875
0 0.30546875 0.2984375 0.096875 0.0484375
0 0.459375 0.296875 0.1796875 0.0546875
0 0.5984375 0.29453125 0.0953125 0.0625
0 0.75 0.2984375 0.18203125 0.04921875
0 0.9015625 0.29765625 0.12421875 0.0515625
0 0.15625 0.365625 0.19765625 0.05234375
0 0.31328125 0.365625 0.1078125 0.0515625
0 0.459375 0.365625 0.16640625 0.05390625
0 0.5921875 0.36796875 0.096875 0.0515625
0 0.75625 0.3640625 0.19921875 0.05625
0 0.909375 0.3640625 0.1 0.06015625
0 0.10625 0.43359375 0.18671875 0.0703125
0 0.24375 0.43515625 0.1 0.0671875
0 0.4046875 0.440625 0.2078125 0.05546875
0 0.559375 0.4421875 0.10859375 0.059375
0 0.73515625 0.43671875 0.25625 0.059375
0 0.92421875 0.4390625 0.1203125 0.06484375
0 0.18046875 0.5234375 0.23203125 0.05546875
0 0.35078125 0.51875 0.1203125 0.0640625
0 0.7390625 0.51796875 0.2296875 0.065625
0 0.9078125 0.51640625 0.11484375 0.06875
0 0.2171875 0.59609375 0.2765625 0.0609375
0 0.41328125 0.59609375 0.1203125 0.0640625
0 0.63125 0.59296875 0.303125 0.0640625
0 0.84921875 0.59375 0.13046875 0.06484375
0 0.1984375 0.6625 0.31328125 0.05234375
0 0.40859375 0.66328125 0.0984375 0.05546875
0 0.6109375 0.6609375 0.31796875 0.05625
0 0.83671875 0.6640625 0.1328125 0.0546875
0 0.2109375 0.7359375 0.2734375 0.0546875
0 0.41640625 0.7328125 0.128125 0.0671875
0 0.6640625 0.73515625 0.24765625 0.06171875
0 0.84609375 0.7375 0.115625 0.06328125
0 0.234375 0.81875 0.31328125 0.06796875
0 0.453125 0.81640625 0.12109375 0.075
0 0.71484375 0.81640625 0.33046875 0.06796875
0 0.17421875 0.9203125 0.32734375 0.075
0 0.4078125 0.9203125 0.1359375 0.0796875
0 0.659375 0.9125 0.34453125 0.1015625
0 0.91328125 0.90625 0.1484375 0.10859375