0 0.04375 0.2203125 0.0875 0.078125
0 0.540625 0.025 0.13125 0.05
0 0.24453125 0.159375 0.146875 0.078125
0 0.63515625 0.01015625 0.0703125 0.0203125
0 0.12421875 0.18984375 0.0828125 0.059375
0 0.36015625 0.125 0.0890625 0.0609375
0 0.48046875 0.09765625 0.1390625 0.0734375
0 0.5890625 0.071875 0.084375 0.0578125
0 0.70703125 0.04140625 0.1453125 0.0828125
0 0.81953125 0.02109375 0.0890625 0.0421875
0 0.034375 0.27890625 0.06875 0.0671875
0 0.1046875 0.253125 0.0765625 0.0625
0 0.2359375 0.2203125 0.18125 0.084375
0 0.3609375 0.1890625 0.0859375 0.065625
0 0.48359375 0.1578125 0.1578125 0.0796875
0 0.60625 0.128125 0.0921875 0.0703125
0 0.734375 0.09921875 0.1671875 0.0828125
0 0.8578125 0.0671875 0.0875 0.065625
0 0.046875 0.33671875 0.09375 0.0796875
0 0.13125 0.30859375 0.084375 0.065625
0 0.2515625 0.27890625 0.165625 0.0859375
0 0.36875 0.25 0.0828125 0.0671875
0 0.48828125 0.21875 0.165625 0.084375
0 0.62265625 0.1875 0.1015625 0.0703125
0 0.7546875 0.15390625 0.1609375 0.0890625
0 0.86953125 0.1234375 0.0796875 0.0640625
0 0.109375 0.3890625 0.2171875 0.1046875
0 0.2625 0.3515625 0.10625 0.0703125
0 0.41171875 0.3125 0.1875 0.096875
0 0.54609375 0.2765625 0.1078125 0.084375
0 0.69375 0.24375 0.1890625 0.0921875
0 0.840625 0.20625 0.1328125 0.0796875
0 0.13359375 0.453125 0.2046875 0.0984375
0 0.2859375 0.41484375 0.1171875 0.0765625
0 0.428125 0.3796875 0.175 0.0921875
0 0.5578125 0.34921875 0.10625 0.0734375
0 0.715625 0.30625 0.20625 0.103125
0 0.8640625 0.26875 0.1109375 0.0828125
0 0.1015625 0.53046875 0.1984375 0.1140625
0 0.2359375 0.49921875 0.1140625 0.0890625
0 0.39296875 0.465625 0.215625 0.1046875
0 0.54375 0.4296875 0.1203125 0.084375
0 0.7125 0.38203125 0.2625 0.1203125
0 0.896875 0.33828125 0.1328125 0.0921875
0 0.1953125 0.6 0.2390625 0.109375
0 0.359375 0.55390625 0.1328125 0.090625
0 0.7359375 0.459375 0.2390625 0.11875
0 0.9 0.4171875 0.128125 0.09375
0 0.24921875 0.66171875 0.2828125 0.1265625
0 0.4390625 0.6140625 0.1328125 0.090625
0 0.65 0.55859375 0.309375 0.1359375
0 0.86171875 0.50625 0.1421875 0.09375
0 0.246875 0.73046875 0.3171875 0.1265625
0 0.45078125 0.68046875 0.109375 0.078125
0 0.646875 0.6296875 0.321875 0.13125
0 0.86640625 0.57734375 0.1421875 0.0859375
0 0.2765625 0.79921875 0.278125 0.11875
0 0.475 0.74609375 0.140625 0.096875
0 0.71640625 0.68828125 0.2546875 0.1203125
0 0.89296875 0.646875 0.128125 0.0890625
0 0.31953125 0.8734375 0.3203125 0.1421875
0 0.53125 0.81796875 0.1359375 0.1015625
0 0.78515625 0.7546875 0.3375 0.1453125
0 0.28515625 0.95546875 0.3359375 0.0890625
0 0.5125 0.93046875 0.1515625 0.1109375
0 0.7546875 0.86171875 0.359375 0.18125
0 0.95703125 0.79375 0.0859375 0.140625