0 0.52421875 0.0265625 0.14375 0.053125
0 0.69921875 0.0625 0.1375 0.0625
0 0.36328125 0.0296875 0.1453125 0.059375
0 0.5109375 0.0796875 0.1265625 0.0578125
0 0.68359375 0.103125 0.16875 0.053125
0 0.35 0.07265625 0.13125 0.05625
0 0.34140625 0.11953125 0.1375 0.0640625
0 0.36015625 0.16875 0.103125 0.0484375
0 0.49921875 0.18671875 0.1171875 0.0421875
0 0.64296875 0.15625 0.1015625 0.0484375
0 0.64375 0.2015625 0.10625 0.053125
0 0.315625 0.2140625 0.1546875 0.0640625
0 0.49921875 0.240625 0.128125 0.05
0 0.6578125 0.26484375 0.1421875 0.0578125
0 0.30546875 0.26953125 0.1609375 0.05625
0 0.49921875 0.29609375 0.1484375 0.05625
0 0.1078125 0.30703125 0.1625 0.0578125
0 0.28984375 0.32734375 0.178125 0.0625
0 0.47890625 0.34609375 0.1625 0.065625
0 0.71015625 0.3703125 0.1625 0.075
0 0.9171875 0.39453125 0.165625 0.0796875
0 0.1390625 0.36640625 0.1546875 0.0625
0 0.471875 0.403125 0.1578125 0.065625
0 0.7109375 0.42890625 0.1875 0.071875
0 0.265625 0.43828125 0.1828125 0.0671875
0 0.4640625 0.459375 0.1703125 0.065625
0 0.68515625 0.49140625 0.2203125 0.0671875
0 0.253125 0.48984375 0.1921875 0.06875
0 0.7046875 0.54375 0.1859375 0.0546875
0 0.2109375 0.54453125 0.225 0.078125
0 0.4546875 0.578125 0.23125 0.075
0 0.75078125 0.6125 0.2578125 0.071875
0 0.146875 0.59765625 0.25 0.08125
0 0.18359375 0.6609375 0.23125 0.078125
0 0.4421875 0.6921875 0.2421875 0.0796875
0 0.84140625 0.73984375 0.2390625 0.0734375
0 0.1859375 0.72109375 0.1984375 0.0703125
0 0.19609375 0.78671875 0.178125 0.08125
0 0.4015625 0.81328125 0.2671875 0.0859375
0 0.6875 0.8484375 0.259375 0.078125
0 0.1546875 0.8484375 0.275 0.090625
0 0.7828125 0.9328125 0.3265625 0.1
0 0.2296875 0.9375 0.296875 0.0921875
0 0.58046875 0.96875 0.2703125 0.0625