0 0.46640625 0.02734375 0.140625 0.03671875
0 0.64453125 0.04140625 0.1328125 0.046875
0 0.30703125 0.05 0.14140625 0.04296875
0 0.459375 0.08125 0.121875 0.04296875
0 0.63359375 0.08359375 0.165625 0.0328125
0 0.29921875 0.09375 0.12734375 0.04140625
0 0.29609375 0.14140625 0.13203125 0.04765625
0 0.32109375 0.18828125 0.1 0.03671875
0 0.4609375 0.1890625 0.1140625 0.02890625
0 0.6 0.14140625 0.09765625 0.03671875
0 0.60625 0.1859375 0.10234375 0.04140625
0 0.28203125 0.2390625 0.15078125 0.0453125
0 0.46796875 0.24296875 0.12421875 0.034375
0 0.628125 0.24765625 0.1375 0.04140625
0 0.27890625 0.2953125 0.1578125 0.03671875
0 0.47421875 0.29765625 0.14453125 0.0390625
0 0.0875 0.35625 0.15859375 0.0390625
0 0.2703125 0.35390625 0.175 0.04140625
0 0.46015625 0.35 0.15859375 0.046875
0 0.69296875 0.3453125 0.15703125 0.05625
0 0.90546875 0.34453125 0.1671875 0.06015625
0 0.12578125 0.41171875 0.15 0.04453125
0 0.46015625 0.40703125 0.15390625 0.046875
0 0.70078125 0.40390625 0.18203125 0.05
0 0.26015625 0.4671875 0.178125 0.04609375
0 0.459375 0.4640625 0.165625 0.04609375
0 0.6828125 0.46875 0.21640625 0.04140625
0 0.25390625 0.5203125 0.18828125 0.046875
0 0.70859375 0.51875 0.18359375 0.03203125
0 0.21875 0.5796875 0.21953125 0.05234375
0 0.46484375 0.5828125 0.2265625 0.0484375
0 0.7625 0.58125 0.25390625 0.04140625
0 0.16171875 0.63984375 0.24609375 0.05234375
0 0.20546875 0.6984375 0.2265625 0.05078125
0 0.46640625 0.69765625 0.2375 0.05078125
0 0.86796875 0.69609375 0.23515625 0.04453125
0 0.21484375 0.7578125 0.19375 0.046875
0 0.23359375 0.821875 0.171875 0.06015625
0 0.440625 0.82265625 0.26171875 0.0546875
0 0.72890625 0.82265625 0.25625 0.046875
0 0.2 0.8875 0.2703125 0.0578125
0 0.83359375 0.8953125 0.32109375 0.06171875
0 0.28515625 0.9671875 0.2921875 0.05625
0 0.6390625 0.96484375 0.265625 0.0484375