0 0.53984375 0.028125 0.1453125 0.05625
0 0.71484375 0.06953125 0.1390625 0.0671875
0 0.3796875 0.028125 0.146875 0.05625
0 0.525 0.0796875 0.1265625 0.0609375
0 0.696875 0.109375 0.16875 0.0578125
0 0.365625 0.0671875 0.1328125 0.0609375
0 0.3546875 0.1140625 0.1375 0.0671875
0 0.371875 0.1640625 0.1046875 0.0515625
0 0.51015625 0.18671875 0.1171875 0.046875
0 0.6546875 0.16171875 0.1015625 0.0515625
0 0.65390625 0.20625 0.1078125 0.05625
0 0.32578125 0.2078125 0.15625 0.06875
0 0.50859375 0.24140625 0.128125 0.053125
0 0.66640625 0.27109375 0.1421875 0.0625
0 0.31328125 0.26328125 0.1609375 0.0609375
0 0.50625 0.29609375 0.1484375 0.0609375
0 0.11484375 0.29375 0.1625 0.0640625
0 0.29609375 0.31953125 0.1796875 0.06875
0 0.484375 0.3453125 0.1640625 0.071875
0 0.71484375 0.37734375 0.1640625 0.0796875
0 0.91875 0.41015625 0.1625 0.0859375
0 0.14453125 0.35390625 0.1546875 0.0671875
0 0.475 0.4015625 0.159375 0.0703125
0 0.71328125 0.43671875 0.1875 0.078125
0 0.26796875 0.4296875 0.1828125 0.0734375
0 0.465625 0.4578125 0.1703125 0.071875
0 0.68515625 0.49765625 0.2203125 0.075
0 0.25390625 0.48125 0.19375 0.075
0 0.703125 0.55078125 0.1859375 0.0609375
0 0.209375 0.534375 0.225 0.0859375
0 0.45234375 0.5765625 0.23125 0.0828125
0 0.746875 0.62109375 0.2578125 0.08125
0 0.14375 0.58515625 0.2515625 0.090625
0 0.178125 0.65 0.23125 0.0859375
0 0.4359375 0.68984375 0.2421875 0.0875
0 0.8328125 0.7515625 0.2390625 0.08125
0 0.178125 0.71015625 0.1984375 0.0765625
0 0.18671875 0.7765625 0.1796875 0.0859375
0 0.390625 0.809375 0.2671875 0.0953125
0 0.67578125 0.8546875 0.2609375 0.0859375
0 0.14296875 0.8359375 0.2765625 0.1
0 0.76796875 0.94296875 0.3265625 0.1109375
0 0.21484375 0.928125 0.296875 0.1015625
0 0.56484375 0.96796875 0.2703125 0.0640625