0 0.05546875 0.16484375 0.078125 0.0453125
0 0.1515625 0.1515625 0.06875 0.034375
0 0.23984375 0.1375 0.0671875 0.0375
0 0.3375 0.1203125 0.0703125 0.034375
0 0.440625 0.1046875 0.0734375 0.034375
0 0.53984375 0.08828125 0.078125 0.0390625
0 0.64140625 0.07265625 0.075 0.0375
0 0.73828125 0.05546875 0.075 0.0359375
0 0.83828125 0.03828125 0.071875 0.0359375
0 0.07109375 0.24453125 0.071875 0.0421875
0 0.16796875 0.22890625 0.078125 0.0390625
0 0.2703125 0.21015625 0.075 0.0375
0 0.3765625 0.19765625 0.0859375 0.0390625
0 0.4828125 0.17734375 0.0859375 0.040625
0 0.6015625 0.16015625 0.0984375 0.0453125
0 0.71796875 0.14140625 0.08125 0.0390625
0 0.83828125 0.12109375 0.08125 0.040625
0 0.0890625 0.321875 0.1046875 0.0578125
0 0.20859375 0.3046875 0.0828125 0.0484375
0 0.3296875 0.28515625 0.0921875 0.046875
0 0.46640625 0.26484375 0.096875 0.0484375
0 0.59140625 0.24453125 0.10625 0.046875
0 0.71796875 0.22421875 0.1078125 0.053125
0 0.85234375 0.20078125 0.0953125 0.0484375
0 0.103125 0.403125 0.1046875 0.0546875
0 0.2265625 0.3859375 0.0984375 0.05
0 0.353125 0.3625 0.1015625 0.053125
0 0.4703125 0.34921875 0.0953125 0.046875
0 0.590625 0.32421875 0.0921875 0.0453125
0 0.72421875 0.30546875 0.1125 0.05
0 0.85703125 0.284375 0.1125 0.0578125
0 0.12578125 0.48359375 0.1109375 0.05625
0 0.26015625 0.46171875 0.11875 0.0609375
0 0.41171875 0.4359375 0.140625 0.0640625
0 0.56796875 0.40703125 0.1390625 0.0609375
0 0.728125 0.38515625 0.14375 0.065625
0 0.87265625 0.3625 0.11875 0.0609375
0 0.13828125 0.5625 0.121875 0.0609375
0 0.30625 0.53515625 0.15625 0.0640625
0 0.50078125 0.5078125 0.15 0.065625
0 0.66875 0.47890625 0.1453125 0.0640625
0 0.85390625 0.44765625 0.165625 0.0703125
0 0.17421875 0.6375 0.165625 0.0703125
0 0.32265625 0.62265625 0.0828125 0.046875
0 0.43125 0.6046875 0.084375 0.046875
0 0.54375 0.58828125 0.0984375 0.0453125
0 0.66484375 0.56640625 0.109375 0.0453125
0 0.78828125 0.5453125 0.0984375 0.0484375
0 0.90703125 0.5296875 0.1015625 0.05
0 0.14375 0.728125 0.084375 0.0421875
0 0.2796875 0.7109375 0.0984375 0.046875
0 0.42421875 0.68515625 0.115625 0.0515625
0 0.5625 0.66796875 0.1140625 0.0515625
0 0.7265625 0.63984375 0.1375 0.0515625
0 0.890625 0.6125 0.1359375 0.05625
0 0.18984375 0.80625 0.140625 0.059375
0 0.35703125 0.7734375 0.1640625 0.06875
0 0.54296875 0.74765625 0.134375 0.0625
0 0.71484375 0.721875 0.14375 0.0625
0 0.89921875 0.68984375 0.15625 0.06875
0 0.21875 0.88203125 0.1734375 0.065625
0 0.409375 0.8515625 0.1796875 0.06875
0 0.55234375 0.83125 0.078125 0.053125
0 0.66796875 0.81484375 0.0953125 0.0484375
0 0.796875 0.79140625 0.11875 0.0640625
0 0.934375 0.7671875 0.13125 0.0625
0 0.1890625 0.97265625 0.08125 0.0515625
0 0.2953125 0.95546875 0.0828125 0.046875
0 0.4 0.9375 0.08125 0.0484375
0 0.51171875 0.9203125 0.0875 0.040625
0 0.62109375 0.90390625 0.0796875 0.0484375
0 0.73671875 0.884375 0.0859375 0.0484375
0 0.8421875 0.86875 0.0890625 0.046875