0 0.11328125 0.09921875 0.07421875 0.034375
0 0.21015625 0.1015625 0.065625 0.02421875
0 0.3 0.1015625 0.0640625 0.02734375
0 0.39921875 0.1 0.06796875 0.02421875
0 0.503125 0.1 0.0703125 0.02421875
0 0.60390625 0.09921875 0.07421875 0.028125
0 0.70625 0.1 0.071875 0.02734375
0 0.8046875 0.0984375 0.071875 0.02421875
0 0.90625 0.096875 0.06796875 0.02578125
0 0.11640625 0.18046875 0.06796875 0.03125
0 0.2140625 0.18046875 0.07421875 0.028125
0 0.31875 0.178125 0.071875 0.02734375
0 0.425 0.18203125 0.0828125 0.02578125
0 0.53359375 0.17890625 0.0828125 0.028125
0 0.653125 0.18046875 0.09453125 0.03125
0 0.77109375 0.1796875 0.078125 0.02734375
0 0.89296875 0.17890625 0.078125 0.028125
0 0.121875 0.26015625 0.09921875 0.04296875
0 0.24296875 0.26171875 0.078125 0.03671875
0 0.365625 0.2609375 0.08828125 0.0328125
0 0.50390625 0.2625 0.09296875 0.034375
0 0.63046875 0.26171875 0.103125 0.03125
0 0.75859375 0.26171875 0.103125 0.03671875
0 0.89453125 0.259375 0.090625 0.03515625
0 0.1234375 0.3421875 0.09921875 0.03984375
0 0.24765625 0.34453125 0.09453125 0.03515625
0 0.3765625 0.34140625 0.096875 0.03828125
0 0.49453125 0.34609375 0.090625 0.0328125
0 0.6171875 0.340625 0.08828125 0.03125
0 0.7515625 0.34296875 0.109375 0.0328125
0 0.88671875 0.34296875 0.10703125 0.04140625
0 0.1328125 0.425 0.10546875 0.03984375
0 0.26875 0.425 0.11328125 0.04296875
0 0.42265625 0.42265625 0.1359375 0.04375
0 0.58203125 0.41875 0.134375 0.03984375
0 0.74296875 0.421875 0.13828125 0.0453125
0 0.88984375 0.42265625 0.11328125 0.04375
0 0.1328125 0.50546875 0.1171875 0.04296875
0 0.303125 0.5046875 0.15234375 0.04140625
0 0.49921875 0.5078125 0.14453125 0.04375
0 0.6703125 0.50546875 0.13984375 0.04296875
0 0.8578125 0.50390625 0.1609375 0.0453125
0 0.15703125 0.58515625 0.1609375 0.0453125
0 0.30546875 0.59375 0.078125 0.034375
0 0.415625 0.59296875 0.08046875 0.03515625
0 0.5296875 0.59375 0.09453125 0.03125
0 0.65234375 0.59140625 0.10546875 0.0296875
0 0.77734375 0.58984375 0.09453125 0.034375
0 0.89765625 0.59296875 0.096875 0.03515625
0 0.1125 0.66953125 0.08046875 0.0296875
0 0.24921875 0.67421875 0.09453125 0.0328125
0 0.39609375 0.67109375 0.1109375 0.03515625
0 0.53515625 0.67578125 0.109375 0.03515625
0 0.7015625 0.6734375 0.134375 0.03125
0 0.86796875 0.671875 0.13203125 0.03671875
0 0.14609375 0.75390625 0.1359375 0.03828125
0 0.31640625 0.74765625 0.15859375 0.04375
0 0.50390625 0.7515625 0.1296875 0.04296875
0 0.67734375 0.75234375 0.13828125 0.04140625
0 0.86484375 0.75 0.15078125 0.0453125
0 0.1625 0.83359375 0.16875 0.03984375
0 0.35546875 0.8328125 0.175 0.04140625
0 0.5 0.83515625 0.071875 0.04296875
0 0.61640625 0.8375 0.090625 0.03515625
0 0.74765625 0.834375 0.11328125 0.046875
0 0.8875 0.83203125 0.12578125 0.04296875
0 0.11875 0.91796875 0.0765625 0.03984375
0 0.2265625 0.91796875 0.078125 0.034375
0 0.3328125 0.91640625 0.0765625 0.03671875
0 0.44609375 0.9171875 0.084375 0.02734375
0 0.55625 0.91796875 0.07421875 0.03671875
0 0.6734375 0.91640625 0.08046875 0.03671875
0 0.78046875 0.91796875 0.084375 0.034375