0 0.13515625 0.0796875 0.0765625 0.0375
0 0.23125 0.08671875 0.0671875 0.028125
0 0.32109375 0.09140625 0.065625 0.03125
0 0.4203125 0.0953125 0.06875 0.028125
0 0.52421875 0.10078125 0.071875 0.028125
0 0.625 0.10546875 0.075 0.03125
0 0.7265625 0.11171875 0.0734375 0.03125
0 0.825 0.11484375 0.0734375 0.028125
0 0.9265625 0.11875 0.06875 0.0296875
0 0.13359375 0.1609375 0.06875 0.034375
0 0.23125 0.165625 0.075 0.03125
0 0.3359375 0.16875 0.0734375 0.03125
0 0.44140625 0.17890625 0.084375 0.0296875
0 0.55 0.18125 0.084375 0.0328125
0 0.66953125 0.1890625 0.0953125 0.0359375
0 0.7875 0.19453125 0.0796875 0.03125
0 0.909375 0.2 0.0796875 0.0328125
0 0.13515625 0.240625 0.1015625 0.0484375
0 0.25546875 0.2484375 0.0796875 0.040625
0 0.378125 0.25390625 0.090625 0.0375
0 0.51640625 0.26328125 0.0953125 0.0390625
0 0.64296875 0.26875 0.1046875 0.0359375
0 0.77109375 0.27578125 0.1046875 0.0421875
0 0.90625 0.28046875 0.0921875 0.040625
0 0.13203125 0.32265625 0.1015625 0.0453125
0 0.25625 0.33125 0.096875 0.040625
0 0.38515625 0.33515625 0.0984375 0.04375
0 0.50234375 0.34609375 0.0921875 0.0375
0 0.625 0.346875 0.0890625 0.0359375
0 0.759375 0.35625 0.1109375 0.0390625
0 0.89453125 0.36328125 0.109375 0.046875
0 0.1375 0.40625 0.1078125 0.0453125
0 0.27265625 0.41328125 0.115625 0.0484375
0 0.4265625 0.41875 0.1375 0.0515625
0 0.5859375 0.4234375 0.1359375 0.046875
0 0.746875 0.434375 0.140625 0.053125
0 0.89296875 0.44296875 0.115625 0.05
0 0.1328125 0.4859375 0.11875 0.0484375
0 0.303125 0.49453125 0.1546875 0.05
0 0.4984375 0.5078125 0.146875 0.0515625
0 0.66953125 0.5140625 0.1421875 0.05
0 0.85703125 0.52265625 0.1625 0.053125
0 0.153125 0.5671875 0.1625 0.053125
0 0.30078125 0.58359375 0.0796875 0.0390625
0 0.4109375 0.58828125 0.0828125 0.0390625
0 0.525 0.5953125 0.0953125 0.0359375
0 0.64765625 0.59921875 0.10625 0.0359375
0 0.771875 0.60390625 0.096875 0.0390625
0 0.8921875 0.61328125 0.0984375 0.040625
0 0.10390625 0.64921875 0.08125 0.034375
0 0.240625 0.6609375 0.096875 0.0375
0 0.3875 0.665625 0.1125 0.040625
0 0.52578125 0.67734375 0.1109375 0.040625
0 0.6921875 0.68359375 0.1359375 0.0375
0 0.85859375 0.690625 0.134375 0.04375
0 0.13359375 0.73515625 0.1375 0.0453125
0 0.30390625 0.7375 0.1609375 0.0515625
0 0.490625 0.7515625 0.13125 0.05
0 0.6640625 0.7609375 0.140625 0.0484375
0 0.8515625 0.76875 0.153125 0.053125
0 0.1453125 0.815625 0.1703125 0.0484375
0 0.33828125 0.825 0.1765625 0.05
0 0.4828125 0.834375 0.0734375 0.046875
0 0.5984375 0.84296875 0.0921875 0.040625
0 0.7296875 0.846875 0.115625 0.053125
0 0.86953125 0.8515625 0.128125 0.05
0 0.09765625 0.89765625 0.078125 0.04375
0 0.2046875 0.903125 0.0796875 0.0390625
0 0.3109375 0.90703125 0.078125 0.040625
0 0.42421875 0.9140625 0.0859375 0.03125
0 0.534375 0.9203125 0.0765625 0.040625
0 0.6515625 0.925 0.0828125 0.040625
0 0.75859375 0.93203125 0.0859375 0.0390625