0 0.09921875 0.12265625 0.10625 0.2171875
0 0.15546875 0.13671875 0.1046875 0.2109375
0 0.22109375 0.153125 0.1015625 0.2296875
0 0.28046875 0.16796875 0.090625 0.209375
0 0.34765625 0.18359375 0.096875 0.21875
0 0.40625 0.190625 0.10625 0.2203125
0 0.4671875 0.215625 0.0921875 0.2265625
0 0.52890625 0.221875 0.103125 0.2171875
0 0.58828125 0.2359375 0.09375 0.2078125
0 0.65703125 0.23671875 0.1 0.215625
0 0.715625 0.24453125 0.0875 0.21875
0 0.7765625 0.25859375 0.09375 0.21875
0 0.83984375 0.26015625 0.096875 0.215625
0 0.90546875 0.2734375 0.09375 0.234375
0 0.9546875 0.278125 0.090625 0.2375
0 0.071875 0.41796875 0.1 0.2328125
0 0.1359375 0.4375 0.1078125 0.234375
0 0.19765625 0.44765625 0.1125 0.2390625
0 0.2625 0.45234375 0.1015625 0.234375
0 0.32734375 0.4703125 0.115625 0.24375
0 0.39140625 0.47890625 0.1046875 0.2390625
0 0.45625 0.49296875 0.1015625 0.2328125
0 0.52265625 0.50546875 0.1109375 0.240625
0 0.58828125 0.5171875 0.103125 0.221875
0 0.65078125 0.52421875 0.1109375 0.2265625
0 0.725 0.54453125 0.0921875 0.2109375
0 0.78828125 0.546875 0.09375 0.20625
0 0.8515625 0.55859375 0.096875 0.209375
0 0.91796875 0.5703125 0.1015625 0.2140625
0 0.9625 0.58828125 0.075 0.2078125
0 0.03828125 0.68984375 0.0765625 0.2015625
0 0.0921875 0.71328125 0.1046875 0.2203125
0 0.15859375 0.7203125 0.1109375 0.23125
0 0.22421875 0.73828125 0.109375 0.225
0 0.28984375 0.740625 0.109375 0.2203125
0 0.3515625 0.7578125 0.1046875 0.2234375
0 0.41484375 0.778125 0.0984375 0.21875
0 0.4734375 0.7875 0.10625 0.228125
0 0.54296875 0.8 0.1078125 0.215625
0 0.6078125 0.81015625 0.0921875 0.2109375
0 0.671875 0.8390625 0.10625 0.215625
0 0.734375 0.84296875 0.103125 0.2078125
0 0.79453125 0.8671875 0.1015625 0.1875
0 0.85546875 0.87265625 0.103125 0.2015625