0 0.0625 0.16640625 0.0859375 0.2109375
0 0.11953125 0.175 0.084375 0.2046875
0 0.18671875 0.18359375 0.078125 0.225
0 0.246875 0.19296875 0.0703125 0.20625
0 0.315625 0.20078125 0.075 0.2140625
0 0.375 0.20234375 0.0859375 0.215625
0 0.43828125 0.2203125 0.06875 0.221875
0 0.5 0.2203125 0.08125 0.2125
0 0.56015625 0.228125 0.0734375 0.203125
0 0.62890625 0.221875 0.0796875 0.2109375
0 0.6875 0.2234375 0.0671875 0.215625
0 0.74921875 0.23046875 0.071875 0.2140625
0 0.81328125 0.2265625 0.0765625 0.2109375
0 0.8796875 0.23203125 0.0703125 0.23125
0 0.93671875 0.23203125 0.08125 0.2328125
0 0.065625 0.46328125 0.0765625 0.228125
0 0.13125 0.47578125 0.084375 0.2296875
0 0.19375 0.47890625 0.0890625 0.2328125
0 0.25859375 0.47734375 0.0796875 0.2296875
0 0.325 0.48828125 0.0921875 0.2375
0 0.3890625 0.490625 0.08125 0.234375
0 0.45546875 0.49765625 0.078125 0.228125
0 0.5234375 0.503125 0.0875 0.234375
0 0.58984375 0.5078125 0.0828125 0.2171875
0 0.65234375 0.5078125 0.0890625 0.2203125
0 0.728125 0.5203125 0.071875 0.20625
0 0.79140625 0.5171875 0.0734375 0.2015625
0 0.85546875 0.521875 0.0765625 0.2046875
0 0.92265625 0.52578125 0.0796875 0.209375
0 0.9703125 0.53984375 0.059375 0.2046875
0 0.05390625 0.73828125 0.0703125 0.196875
0 0.11640625 0.7546875 0.084375 0.215625
0 0.18359375 0.7546875 0.0890625 0.225
0 0.25078125 0.765625 0.0875 0.2203125
0 0.315625 0.7609375 0.0875 0.2140625
0 0.3796875 0.771875 0.084375 0.21875
0 0.44453125 0.7859375 0.0765625 0.2140625
0 0.50390625 0.7890625 0.084375 0.2234375
0 0.5734375 0.79375 0.0875 0.209375
0 0.6390625 0.79765625 0.071875 0.20625
0 0.70625 0.81875 0.0859375 0.209375
0 0.76875 0.8171875 0.0828125 0.203125
0 0.83125 0.834375 0.0828125 0.18125
0 0.8921875 0.83359375 0.084375 0.196875