0 0.0453125 0.18984375 0.075 0.2078125
0 0.103125 0.1953125 0.07421875 0.2015625
0 0.1703125 0.20078125 0.0671875 0.221875
0 0.23125 0.20625 0.06015625 0.203125
0 0.3 0.2109375 0.0640625 0.21171875
0 0.359375 0.209375 0.07421875 0.21171875
0 0.4234375 0.22421875 0.0578125 0.21953125
0 0.48515625 0.22109375 0.07109375 0.209375
0 0.54609375 0.225 0.06328125 0.20078125
0 0.6140625 0.215625 0.06875 0.2078125
0 0.67265625 0.2140625 0.05546875 0.21328125
0 0.73515625 0.21796875 0.0609375 0.21171875
0 0.7984375 0.21015625 0.065625 0.2078125
0 0.86484375 0.2125 0.05859375 0.228125
0 0.921875 0.209375 0.06953125 0.2296875
0 0.0640625 0.4859375 0.065625 0.225
0 0.13046875 0.4953125 0.07265625 0.2265625
0 0.19296875 0.4953125 0.07734375 0.2296875
0 0.2578125 0.48984375 0.0671875 0.2265625
0 0.325 0.49765625 0.0796875 0.23359375
0 0.3890625 0.49609375 0.06875 0.23125
0 0.45546875 0.5 0.0671875 0.225
0 0.5234375 0.5015625 0.075 0.23125
0 0.58984375 0.503125 0.07109375 0.21328125
0 0.65234375 0.5 0.078125 0.21640625
0 0.72890625 0.50859375 0.0609375 0.203125
0 0.7921875 0.5015625 0.06328125 0.19921875
0 0.85625 0.503125 0.065625 0.2015625
0 0.9234375 0.50390625 0.06953125 0.20625
0 0.97421875 0.51484375 0.0515625 0.2015625
0 0.0671875 0.7609375 0.0609375 0.19453125
0 0.13046875 0.77421875 0.07265625 0.21171875
0 0.19765625 0.77109375 0.07734375 0.22109375
0 0.26484375 0.778125 0.0765625 0.21640625
0 0.3296875 0.7703125 0.0765625 0.2109375
0 0.39375 0.778125 0.07265625 0.21484375
0 0.459375 0.78828125 0.065625 0.2109375
0 0.51875 0.78828125 0.07265625 0.21953125
0 0.5890625 0.78984375 0.0765625 0.20625
0 0.6546875 0.78984375 0.0609375 0.203125
0 0.72265625 0.8078125 0.075 0.20625
0 0.78515625 0.80234375 0.07265625 0.19921875
0 0.8484375 0.81640625 0.07421875 0.17734375
0 0.909375 0.8125 0.07421875 0.19296875