0 0.37890625 0.8125 0.278125 0.3546875
0 0.540625 0.78515625 0.2703125 0.3765625
0 0.71328125 0.796875 0.2453125 0.3078125
0 0.878125 0.76953125 0.24375 0.3265625
0 0.19921875 0.82265625 0.296875 0.321875
0 0.2703125 0.2703125 0.153125 0.1859375
0 0.203125 0.3171875 0.125 0.1953125
0 0.1296875 0.3625 0.1375 0.1828125
0 0.075 0.4171875 0.15 0.16875
0 0.3234375 0.2171875 0.0828125 0.1375
0 0.35859375 0.196875 0.0875 0.125
0 0.42890625 0.1578125 0.06875 0.115625
0 0.45390625 0.13828125 0.0625 0.1140625
0 0.62109375 0.03828125 0.0640625 0.0765625