0 0.3015625 0.7703125 0.2625 0.34375
0 0.46484375 0.7859375 0.253125 0.3671875
0 0.62890625 0.8421875 0.2328125 0.2984375
0 0.79921875 0.85078125 0.2390625 0.2984375
0 0.13359375 0.73359375 0.2671875 0.3109375
0 0.3375 0.21875 0.1453125 0.18125
0 0.26015625 0.24609375 0.115625 0.1921875
0 0.17734375 0.27109375 0.1296875 0.178125
0 0.1109375 0.31015625 0.14375 0.1640625
0 0.40234375 0.18125 0.0765625 0.1359375
0 0.4421875 0.1703125 0.08125 0.121875
0 0.5203125 0.15078125 0.0625 0.1140625
0 0.54921875 0.13828125 0.0578125 0.1125
0 0.73828125 0.08203125 0.0609375 0.084375