0 0.33125 0.78984375 0.23046875 0.321875
0 0.4953125 0.78828125 0.21875 0.34609375
0 0.6640625 0.8265625 0.2046875 0.27890625
0 0.8359375 0.8265625 0.209375 0.296875
0 0.15234375 0.771875 0.25546875 0.28515625
0 0.309375 0.2375 0.12890625 0.16796875
0 0.23515625 0.27265625 0.096875 0.1828125
0 0.15546875 0.30625 0.1125 0.16796875
0 0.09296875 0.3515625 0.12890625 0.15078125
0 0.36953125 0.19296875 0.0640625 0.1296875
0 0.4078125 0.178125 0.0703125 0.115625
0 0.48359375 0.15078125 0.0515625 0.109375
0 0.5109375 0.13515625 0.046875 0.1078125
0 0.69296875 0.059375 0.05234375 0.07890625