0 0.10625 0.21875 0.2125 0.265625
0 0.31640625 0.17265625 0.28125 0.2796875
0 0.553125 0.14140625 0.2421875 0.2734375
0 0.78984375 0.1109375 0.2609375 0.221875
0 0.1359375 0.465625 0.25 0.2359375
0 0.3640625 0.4140625 0.26875 0.234375
0 0.60546875 0.36328125 0.234375 0.2640625
0 0.82734375 0.30546875 0.240625 0.271875
0 0.18828125 0.696875 0.2328125 0.2609375
0 0.40390625 0.6421875 0.2515625 0.246875
0 0.6453125 0.5921875 0.2796875 0.2609375
0 0.87734375 0.54453125 0.2453125 0.2734375
0 0.23828125 0.89140625 0.2515625 0.2171875
0 0.46484375 0.871875 0.2453125 0.25625
0 0.7 0.825 0.2765625 0.2609375
0 0.91015625 0.7859375 0.1796875 0.2375