0 0.15625 0.1390625 0.20625 0.228125
0 0.38828125 0.14140625 0.2375 0.2359375
0 0.6265625 0.16015625 0.19765625 0.23828125
0 0.86953125 0.15859375 0.21953125 0.22421875
0 0.15078125 0.390625 0.2140625 0.19609375
0 0.38515625 0.3875 0.23359375 0.190625
0 0.63125 0.38828125 0.19140625 0.2296875
0 0.8609375 0.378125 0.19609375 0.2359375
0 0.15390625 0.62734375 0.18984375 0.22578125
0 0.3765625 0.61875 0.21328125 0.2078125
0 0.62265625 0.6203125 0.23984375 0.21640625
0 0.8703125 0.62421875 0.221875 0.2328125
0 0.15859375 0.8515625 0.209375 0.22578125
0 0.38828125 0.86171875 0.20234375 0.228125
0 0.628125 0.859375 0.2375 0.215625
0 0.8625 0.86953125 0.1828125 0.20390625