0 0.12578125 0.1703125 0.225 0.2453125
0 0.3578125 0.15234375 0.2578125 0.25625
0 0.59609375 0.15078125 0.2171875 0.2546875
0 0.83828125 0.12734375 0.2375 0.2421875
0 0.1421875 0.42109375 0.2296875 0.2140625
0 0.37578125 0.39765625 0.25 0.2109375
0 0.62109375 0.37734375 0.2109375 0.2453125
0 0.84921875 0.346875 0.215625 0.2515625
0 0.16640625 0.65703125 0.209375 0.2421875
0 0.3875 0.62890625 0.23125 0.225
0 0.6328125 0.609375 0.2578125 0.2359375
0 0.8796875 0.59140625 0.240625 0.2515625
0 0.190625 0.87890625 0.228125 0.2421875
0 0.4203125 0.8703125 0.221875 0.2453125
0 0.65859375 0.846875 0.2546875 0.2359375
0 0.89296875 0.83671875 0.2 0.21875