0 0.19453125 0.16484375 0.2796875 0.2296875
0 0.56484375 0.12421875 0.246875 0.240625
0 0.4015625 0.7625 0.35 0.4125
0 0.67421875 0.646875 0.29375 0.3546875
0 0.8890625 0.5671875 0.221875 0.303125
0 0.11640625 0.34921875 0.2328125 0.2734375
0 0.33984375 0.29765625 0.271875 0.24375
0 0.56328125 0.25703125 0.2171875 0.2328125
0 0.7625 0.21796875 0.1890625 0.1890625
0 0.90625 0.1859375 0.165625 0.1703125
0 0.109375 0.45078125 0.21875 0.2234375
0 0.1234375 0.540625 0.246875 0.28125
0 0.12421875 0.646875 0.2484375 0.25
0 0.33671875 0.378125 0.296875 0.2875
0 0.34296875 0.48203125 0.33125 0.31875
0 0.37578125 0.57421875 0.3234375 0.31875
0 0.578125 0.31796875 0.2390625 0.2203125
0 0.61171875 0.3953125 0.2328125 0.234375
0 0.6453125 0.471875 0.246875 0.2671875
0 0.88203125 0.44140625 0.2359375 0.2640625
0 0.82734375 0.3515625 0.2078125 0.2265625
0 0.7890625 0.28046875 0.19375 0.1953125
0 0.9265625 0.24296875 0.146875 0.1953125
0 0.95703125 0.29921875 0.0859375 0.1953125