0 0.12265625 0.2484375 0.24453125 0.17578125
0 0.471875 0.11953125 0.20546875 0.19609375
0 0.46796875 0.778125 0.271875 0.3578125
0 0.7046875 0.6 0.2265625 0.30859375
0 0.90390625 0.46953125 0.1828125 0.2671875
0 0.09140625 0.446875 0.18203125 0.2359375
0 0.2953125 0.3421875 0.2328125 0.19296875
0 0.50234375 0.24921875 0.175 0.19609375
0 0.68671875 0.1625 0.15625 0.15625
0 0.81796875 0.096875 0.13515625 0.1421875
0 0.1 0.55 0.2 0.18046875
0 0.12265625 0.6359375 0.24453125 0.228125
0 0.1390625 0.7421875 0.278125 0.18828125
0 0.31171875 0.42109375 0.24765625 0.234375
0 0.34296875 0.5203125 0.2765625 0.259375
0 0.39765625 0.60234375 0.26875 0.2609375
0 0.53203125 0.3046875 0.2015625 0.17734375
0 0.5828125 0.37109375 0.1921875 0.19296875
0 0.634375 0.4375 0.19765625 0.2265625
0 0.85625 0.35078125 0.1859375 0.2265625
0 0.78203125 0.2765625 0.16640625 0.19140625
0 0.72734375 0.2171875 0.15859375 0.16171875
0 0.878125 0.140625 0.165625 0.16015625
0 0.934375 0.184375 0.13046875 0.16953125