0 0.25546875 0.78671875 0.5109375 0.4265625
0 0.57421875 0.640625 0.3765625 0.45546875
0 0.7890625 0.46484375 0.29609375 0.33046875
0 0.896875 0.3515625 0.17421875 0.24609375
0 0.90625 0.1203125 0.13046875 0.190625
0 0.79140625 0.17578125 0.16015625 0.1921875
0 0.6765625 0.2375 0.2015625 0.23984375
0 0.53828125 0.29140625 0.28125 0.26484375
0 0.34140625 0.39453125 0.35234375 0.296875
0 0.13125 0.26171875 0.25 0.2921875
0 0.3703125 0.20078125 0.15625 0.1953125
0 0.22109375 0.1 0.15078125 0.184375
0 0.5234375 0.134375 0.15859375 0.2015625