0 0.27578125 0.7859375 0.5390625 0.428125
0 0.58359375 0.63515625 0.4078125 0.48125
0 0.7859375 0.44453125 0.31875 0.35
0 0.8859375 0.32421875 0.190625 0.2578125
0 0.878125 0.09609375 0.14375 0.1921875
0 0.76796875 0.15625 0.1734375 0.203125
0 0.6578125 0.22578125 0.2171875 0.253125
0 0.5234375 0.2890625 0.2984375 0.284375
0 0.334375 0.40546875 0.371875 0.3203125
0 0.125 0.2875 0.25 0.309375
0 0.35 0.2109375 0.16875 0.20625
0 0.19375 0.1203125 0.1625 0.19375
0 0.49765625 0.13359375 0.171875 0.2125