0 0.24765625 0.72890625 0.4953125 0.5234375
0 0.54296875 0.653125 0.4625 0.5234375
0 0.78984375 0.52578125 0.3578125 0.384375
0 0.90390625 0.43671875 0.1921875 0.2765625
0 0.94609375 0.21328125 0.1078125 0.2140625
0 0.85234375 0.24375 0.196875 0.221875
0 0.72734375 0.2796875 0.246875 0.2765625
0 0.58046875 0.30390625 0.3296875 0.3171875
0 0.3671875 0.3640625 0.40625 0.3640625
0 0.1890625 0.190625 0.3046875 0.3375
0 0.43515625 0.18046875 0.19375 0.2234375
0 0.31015625 0.078125 0.1859375 0.15625
0 0.59921875 0.146875 0.196875 0.2296875