0 0.03984375 0.12421875 0.0796875 0.0828125
0 0.146875 0.1296875 0.1296875 0.1
0 0.29296875 0.11484375 0.11875 0.08125
0 0.4171875 0.109375 0.0859375 0.0625
0 0.57109375 0.11015625 0.1171875 0.096875
0 0.78359375 0.10703125 0.1125 0.096875
0 0.9125 0.07734375 0.11875 0.0796875
0 0.90625 0.1671875 0.125 0.109375
0 0.78203125 0.21015625 0.1328125 0.1140625
0 0.65390625 0.1875 0.11875 0.1
0 0.5375 0.22890625 0.1203125 0.1
0 0.4203125 0.1828125 0.0953125 0.0828125
0 0.42109375 0.2671875 0.0984375 0.0765625
0 0.29453125 0.2078125 0.159375 0.10625
0 0.15 0.2234375 0.134375 0.10625
0 0.04375 0.2078125 0.0875 0.078125
0 0.04453125 0.2828125 0.0890625 0.078125
0 0.159375 0.315625 0.146875 0.1
0 0.30078125 0.30703125 0.13125 0.103125
0 0.6390625 0.2875 0.1515625 0.1046875
0 0.78671875 0.328125 0.1328125 0.1109375
0 0.9140625 0.259375 0.1328125 0.0859375
0 0.921875 0.3484375 0.1328125 0.090625
0 0.9203125 0.44296875 0.1375 0.1078125
0 0.921875 0.55234375 0.14375 0.1125
0 0.928125 0.65859375 0.1421875 0.1015625
0 0.91875 0.76484375 0.1625 0.1171875
0 0.91796875 0.871875 0.1640625 0.115625
0 0.784375 0.43125 0.1546875 0.11875
0 0.78359375 0.5515625 0.1453125 0.1109375
0 0.7734375 0.65859375 0.1546875 0.1046875
0 0.7640625 0.76796875 0.14375 0.109375
0 0.74609375 0.871875 0.1875 0.11875
0 0.6359375 0.80078125 0.1 0.084375
0 0.63828125 0.703125 0.103125 0.0875
0 0.63203125 0.60234375 0.1203125 0.0859375
0 0.62734375 0.50703125 0.1296875 0.0859375
0 0.628125 0.39765625 0.1546875 0.1171875
0 0.46953125 0.3609375 0.20625 0.1171875
0 0.303125 0.39609375 0.134375 0.0921875
0 0.1703125 0.4140625 0.1453125 0.078125
0 0.0453125 0.36484375 0.084375 0.075
0 0.05234375 0.45078125 0.0953125 0.0953125
0 0.06171875 0.54375 0.0953125 0.084375
0 0.06484375 0.62734375 0.0953125 0.0671875
0 0.06328125 0.7125 0.0890625 0.06875
0 0.17421875 0.57890625 0.1328125 0.0796875
0 0.17109375 0.4921875 0.1390625 0.0859375
0 0.1796875 0.6546875 0.1390625 0.0796875
0 0.309375 0.48203125 0.1328125 0.0828125
0 0.31171875 0.5640625 0.1484375 0.0859375
0 0.3234375 0.64765625 0.15 0.0890625
0 0.465625 0.4609375 0.18125 0.1125
0 0.47109375 0.5671875 0.18125 0.1109375
0 0.47578125 0.6875 0.190625 0.11875
0 0.3328125 0.73359375 0.1328125 0.096875
0 0.17265625 0.7359375 0.1453125 0.1125
0 0.09921875 0.828125 0.1421875 0.1046875
0 0.25234375 0.81171875 0.1625 0.109375
0 0.4609375 0.79609375 0.2515625 0.13125
0 0.103125 0.92265625 0.1453125 0.0859375
0 0.25390625 0.90859375 0.1515625 0.096875
0 0.4828125 0.89765625 0.3015625 0.121875