0 0.07265625 0.07734375 0.0984375 0.0828125
0 0.1875 0.09453125 0.1296875 0.1
0 0.334375 0.0953125 0.11875 0.08125
0 0.45859375 0.103125 0.0859375 0.0625
0 0.61171875 0.11953125 0.1171875 0.096875
0 0.8234375 0.1390625 0.1125 0.096875
0 0.94765625 0.12265625 0.1046875 0.0796875
0 0.93828125 0.2109375 0.1234375 0.109375
0 0.8109375 0.240625 0.1328125 0.1140625
0 0.6859375 0.20546875 0.11875 0.1
0 0.565625 0.234375 0.1203125 0.1
0 0.45390625 0.17578125 0.0953125 0.0828125
0 0.44609375 0.26015625 0.0984375 0.0765625
0 0.3265625 0.18828125 0.159375 0.10625
0 0.18046875 0.18828125 0.134375 0.10625
0 0.075 0.1625 0.090625 0.078125
0 0.06953125 0.23671875 0.090625 0.078125
0 0.18046875 0.28125 0.146875 0.1
0 0.321875 0.2875 0.13125 0.103125
0 0.66015625 0.303125 0.1515625 0.1046875
0 0.803125 0.359375 0.1328125 0.1109375
0 0.93515625 0.30390625 0.1296875 0.0859375
0 0.934375 0.39375 0.13125 0.090625
0 0.92421875 0.48671875 0.1375 0.1078125
0 0.9140625 0.59609375 0.14375 0.1125
0 0.909375 0.70234375 0.1421875 0.1015625
0 0.88984375 0.80859375 0.165625 0.1171875
0 0.88359375 0.9140625 0.1765625 0.115625
0 0.78984375 0.4609375 0.1546875 0.11875
0 0.7765625 0.58125 0.1453125 0.1109375
0 0.75546875 0.6859375 0.1546875 0.1046875
0 0.73515625 0.79375 0.14375 0.109375
0 0.70625 0.89609375 0.1875 0.11875
0 0.60390625 0.8140625 0.1 0.084375
0 0.61640625 0.71640625 0.103125 0.0875
0 0.6203125 0.615625 0.1203125 0.0859375
0 0.62578125 0.5203125 0.1296875 0.0859375
0 0.63828125 0.41171875 0.1546875 0.1171875
0 0.48359375 0.35859375 0.20625 0.1171875
0 0.31484375 0.37578125 0.134375 0.0921875
0 0.18046875 0.3796875 0.1453125 0.078125
0 0.06171875 0.31796875 0.084375 0.075
0 0.06015625 0.40390625 0.0953125 0.0953125
0 0.059375 0.49765625 0.0953125 0.084375
0 0.05390625 0.58125 0.0953125 0.0671875
0 0.04375 0.665625 0.0875 0.06875
0 0.1671875 0.54453125 0.1328125 0.0796875
0 0.1734375 0.4578125 0.1390625 0.0859375
0 0.16484375 0.6203125 0.1390625 0.0796875
0 0.3125 0.46171875 0.1328125 0.0828125
0 0.30625 0.54375 0.1484375 0.0859375
0 0.30859375 0.628125 0.15 0.0890625
0 0.4703125 0.4578125 0.18125 0.1125
0 0.46484375 0.5640625 0.18125 0.1109375
0 0.45625 0.68359375 0.190625 0.11875
0 0.309375 0.71484375 0.1328125 0.096875
0 0.15 0.70078125 0.1453125 0.1125
0 0.06875 0.78515625 0.1375 0.1046875
0 0.22109375 0.784375 0.1625 0.109375
0 0.4296875 0.790625 0.2515625 0.13125
0 0.06640625 0.87890625 0.1328125 0.0859375
0 0.2125 0.88046875 0.1515625 0.096875
0 0.44140625 0.89375 0.3015625 0.121875