0 0.05078125 0.1 0.09375 0.07734375
0 0.16640625 0.11171875 0.125 0.09296875
0 0.31328125 0.1046875 0.115625 0.07578125
0 0.4375 0.10546875 0.08359375 0.05859375
0 0.59140625 0.1140625 0.11328125 0.09140625
0 0.80390625 0.12265625 0.10859375 0.09140625
0 0.934375 0.09921875 0.115625 0.0734375
0 0.9234375 0.1890625 0.1203125 0.103125
0 0.796875 0.225 0.128125 0.10703125
0 0.6703125 0.19609375 0.1140625 0.09375
0 0.5515625 0.23125 0.11484375 0.09375
0 0.43671875 0.17890625 0.090625 0.078125
0 0.43359375 0.26328125 0.0953125 0.071875
0 0.31015625 0.19765625 0.15390625 0.09765625
0 0.16484375 0.20546875 0.1296875 0.09921875
0 0.0578125 0.18515625 0.0875 0.0734375
0 0.05625 0.259375 0.0875 0.07421875
0 0.16953125 0.2984375 0.14296875 0.09296875
0 0.3109375 0.296875 0.1265625 0.096875
0 0.65 0.2953125 0.14609375 0.096875
0 0.7953125 0.34375 0.128125 0.1046875
0 0.92578125 0.28125 0.12890625 0.0796875
0 0.92890625 0.37109375 0.128125 0.08359375
0 0.92265625 0.46484375 0.13203125 0.10078125
0 0.91875 0.57421875 0.1390625 0.10546875
0 0.91953125 0.68046875 0.13671875 0.0953125
0 0.90546875 0.7875 0.1609375 0.10859375
0 0.9046875 0.89375 0.171875 0.10703125
0 0.7875 0.44609375 0.1484375 0.1109375
0 0.78046875 0.56640625 0.140625 0.103125
0 0.76484375 0.67265625 0.14921875 0.096875
0 0.75 0.78125 0.1390625 0.1015625
0 0.7265625 0.884375 0.18203125 0.109375
0 0.6203125 0.8078125 0.09609375 0.0796875
0 0.62734375 0.71015625 0.0984375 0.08203125
0 0.6265625 0.609375 0.11640625 0.0796875
0 0.6265625 0.5140625 0.125 0.0796875
0 0.63359375 0.4046875 0.1484375 0.109375
0 0.4765625 0.359375 0.20078125 0.10703125
0 0.30859375 0.3859375 0.1296875 0.08515625
0 0.175 0.396875 0.14140625 0.0703125
0 0.053125 0.34140625 0.08046875 0.0703125
0 0.05546875 0.42734375 0.090625 0.09140625
0 0.06015625 0.52109375 0.090625 0.0796875
0 0.05859375 0.6046875 0.09140625 0.0625
0 0.053125 0.6890625 0.0859375 0.0640625
0 0.1703125 0.56171875 0.12890625 0.0734375
0 0.171875 0.475 0.13515625 0.0796875
0 0.171875 0.6375 0.13515625 0.0734375
0 0.3109375 0.471875 0.1296875 0.07578125
0 0.30859375 0.55390625 0.1453125 0.078125
0 0.315625 0.63828125 0.1453125 0.08203125
0 0.46796875 0.459375 0.1765625 0.103125
0 0.46796875 0.565625 0.1765625 0.1015625
0 0.465625 0.6859375 0.18515625 0.109375
0 0.32109375 0.72421875 0.12890625 0.08984375
0 0.1609375 0.71875 0.140625 0.1046875
0 0.0828125 0.80703125 0.1375 0.09765625
0 0.23671875 0.7984375 0.15703125 0.1015625
0 0.4453125 0.79375 0.2453125 0.11875
0 0.08125 0.9015625 0.14140625 0.078125
0 0.2328125 0.8953125 0.146875 0.0890625
0 0.46171875 0.89609375 0.29609375 0.10703125