0 0.0921875 0.13828125 0.0671875 0.140625
0 0.04921875 0.13984375 0.0609375 0.1390625
0 0.02109375 0.14375 0.0421875 0.134375
0 0.02734375 0.26015625 0.0546875 0.1515625
0 0.06015625 0.26328125 0.0578125 0.159375
0 0.103125 0.26484375 0.0703125 0.1375
0 0.11640625 0.39375 0.0609375 0.121875
0 0.07265625 0.40078125 0.065625 0.1375
0 0.034375 0.403125 0.065625 0.13125
0 0.0140625 0.3890625 0.028125 0.15
0 0.12734375 0.515625 0.0640625 0.13125
0 0.084375 0.528125 0.0625 0.14375
0 0.04375 0.53125 0.0640625 0.15
0 0.14140625 0.64765625 0.075 0.15
0 0.0953125 0.659375 0.0671875 0.15625
0 0.05390625 0.65859375 0.0703125 0.1515625
0 0.159375 0.77890625 0.0796875 0.15
0 0.11015625 0.790625 0.0625 0.1453125
0 0.06796875 0.784375 0.06875 0.153125
0 0.165625 0.91953125 0.075 0.1609375
0 0.1171875 0.925 0.084375 0.15
0 0.21640625 0.0984375 0.08125 0.0890625
0 0.28359375 0.09375 0.090625 0.0765625
0 0.346875 0.08359375 0.0859375 0.0875
0 0.41796875 0.078125 0.0890625 0.0953125
0 0.48203125 0.0671875 0.08125 0.0859375
0 0.55 0.06484375 0.08125 0.0765625
0 0.615625 0.06328125 0.08125 0.084375
0 0.22578125 0.16875 0.0921875 0.1
0 0.2875 0.1609375 0.0859375 0.1
0 0.359375 0.15859375 0.0828125 0.0984375
0 0.425 0.14921875 0.096875 0.0984375
0 0.49140625 0.14296875 0.0859375 0.1
0 0.55625 0.13984375 0.0890625 0.103125
0 0.62265625 0.1296875 0.0890625 0.096875
0 0.23671875 0.25234375 0.0921875 0.1
0 0.29921875 0.234375 0.0921875 0.0984375
0 0.36484375 0.23046875 0.0875 0.09375
0 0.43515625 0.21953125 0.090625 0.0984375
0 0.503125 0.21953125 0.0828125 0.1
0 0.56796875 0.20703125 0.0859375 0.1
0 0.63984375 0.20078125 0.0875 0.09375
0 0.24609375 0.31875 0.0890625 0.103125
0 0.31171875 0.3109375 0.090625 0.09375
0 0.38359375 0.30078125 0.084375 0.103125
0 0.44921875 0.290625 0.0875 0.096875
0 0.584375 0.27578125 0.0828125 0.084375
0 0.65234375 0.2734375 0.08125 0.0921875
0 0.2515625 0.39140625 0.0921875 0.090625
0 0.32109375 0.38359375 0.1015625 0.0953125
0 0.39375 0.37109375 0.0921875 0.0890625
0 0.45390625 0.36171875 0.0953125 0.0984375
0 0.525 0.3625 0.0765625 0.084375
0 0.59453125 0.3515625 0.0921875 0.096875
0 0.66484375 0.34921875 0.0828125 0.0828125
0 0.2625 0.459375 0.090625 0.078125
0 0.3359375 0.45546875 0.0890625 0.1046875
0 0.3984375 0.44765625 0.084375 0.0921875
0 0.46640625 0.44140625 0.0875 0.09375
0 0.5359375 0.4375 0.0859375 0.0875
0 0.60703125 0.43046875 0.0875 0.090625
0 0.67578125 0.421875 0.0796875 0.0890625
0 0.27421875 0.53125 0.0921875 0.1015625
0 0.34140625 0.53046875 0.09375 0.103125
0 0.4171875 0.5265625 0.0953125 0.0984375
0 0.47890625 0.5140625 0.0953125 0.1046875
0 0.55078125 0.509375 0.084375 0.0921875
0 0.615625 0.5078125 0.0921875 0.10625
0 0.6890625 0.496875 0.090625 0.09375
0 0.2828125 0.6171875 0.0875 0.0953125
0 0.35078125 0.603125 0.09375 0.1
0 0.2921875 0.68984375 0.09375 0.0984375
0 0.3015625 0.7640625 0.0828125 0.0828125
0 0.3109375 0.8421875 0.0875 0.0953125
0 0.32421875 0.925 0.0890625 0.0859375
0 0.33125 0.96953125 0.096875 0.0609375
0 0.421875 0.6015625 0.0921875 0.1046875
0 0.490625 0.59375 0.096875 0.1015625
0 0.5625 0.58984375 0.090625 0.10625
0 0.62578125 0.57890625 0.090625 0.109375
0 0.69609375 0.5703125 0.0921875 0.1125
0 0.3640625 0.69140625 0.0875 0.0953125
0 0.43125 0.6796875 0.090625 0.10625
0 0.5 0.6671875 0.09375 0.1
0 0.56953125 0.66640625 0.0921875 0.1046875
0 0.6390625 0.65625 0.078125 0.0953125
0 0.71015625 0.64765625 0.0890625 0.090625
0 0.37109375 0.7625 0.090625 0.1125
0 0.44375 0.75859375 0.09375 0.1015625
0 0.51328125 0.75234375 0.1 0.10625
0 0.578125 0.740625 0.08125 0.09375
0 0.6484375 0.7328125 0.0765625 0.103125
0 0.721875 0.71796875 0.1 0.1015625
0 0.38046875 0.8359375 0.0859375 0.1015625
0 0.4515625 0.8296875 0.0890625 0.1078125
0 0.52421875 0.8234375 0.090625 0.096875
0 0.5875 0.80625 0.084375 0.10625
0 0.65625 0.80078125 0.0984375 0.121875
0 0.73203125 0.79609375 0.10625 0.1171875
0 0.39375 0.909375 0.0921875 0.0953125
0 0.46484375 0.90234375 0.0859375 0.0890625
0 0.53203125 0.8984375 0.0875 0.084375
0 0.60078125 0.88671875 0.0875 0.09375
0 0.66796875 0.8765625 0.1 0.0953125
0 0.74375 0.87578125 0.0796875 0.075
0 0.40234375 0.9671875 0.1046875 0.065625
0 0.47265625 0.95546875 0.0984375 0.0890625