0 0.1828125 0.06171875 0.05 0.1234375
0 0.14140625 0.0578125 0.0453125 0.115625
0 0.10078125 0.05390625 0.0546875 0.1078125
0 0.04296875 0.15859375 0.0578125 0.1421875
0 0.0859375 0.159375 0.053125 0.146875
0 0.12421875 0.1703125 0.0390625 0.1578125
0 0.16640625 0.18125 0.0546875 0.1328125
0 0.15 0.31015625 0.046875 0.11875
0 0.10546875 0.30703125 0.05 0.134375
0 0.06875 0.30078125 0.0515625 0.1265625
0 0.03203125 0.27890625 0.05 0.146875
0 0.13359375 0.43125 0.0484375 0.128125
0 0.0890625 0.43359375 0.046875 0.140625
0 0.0484375 0.428125 0.046875 0.146875
0 0.1171875 0.5625 0.0578125 0.146875
0 0.06953125 0.5640625 0.05 0.153125
0 0.0296875 0.5546875 0.053125 0.146875
0 0.10546875 0.6953125 0.0640625 0.1453125
0 0.0546875 0.69609375 0.0453125 0.1421875
0 0.0203125 0.67890625 0.040625 0.1484375
0 0.08046875 0.834375 0.0578125 0.1578125
0 0.0296875 0.8421875 0.059375 0.175
0 0.3140625 0.0453125 0.0734375 0.08125
0 0.38046875 0.05546875 0.084375 0.06875
0 0.44453125 0.06015625 0.0765625 0.0796875
0 0.51484375 0.0703125 0.08125 0.0859375
0 0.58046875 0.07421875 0.0734375 0.0796875
0 0.646875 0.0875 0.0734375 0.06875
0 0.7109375 0.1 0.071875 0.078125
0 0.30703125 0.115625 0.08125 0.0921875
0 0.36953125 0.121875 0.0765625 0.0921875
0 0.43984375 0.13515625 0.071875 0.0921875
0 0.50546875 0.14140625 0.0875 0.090625
0 0.57265625 0.15 0.0765625 0.0921875
0 0.6359375 0.1625 0.078125 0.0953125
0 0.703125 0.16640625 0.0796875 0.0890625
0 0.29921875 0.19921875 0.0828125 0.0921875
0 0.3640625 0.19609375 0.0828125 0.090625
0 0.4296875 0.20703125 0.078125 0.0859375
0 0.5 0.2125 0.08125 0.0890625
0 0.565625 0.22734375 0.071875 0.09375
0 0.63203125 0.2296875 0.0765625 0.0921875
0 0.70390625 0.23984375 0.078125 0.0859375
0 0.29296875 0.26640625 0.078125 0.0953125
0 0.359375 0.2734375 0.08125 0.0859375
0 0.43203125 0.2796875 0.075 0.096875
0 0.496875 0.284375 0.078125 0.0890625
0 0.6328125 0.30078125 0.075 0.0765625
0 0.69921875 0.31328125 0.0734375 0.084375
0 0.28203125 0.33828125 0.084375 0.0828125
0 0.3515625 0.34609375 0.0921875 0.0859375
0 0.42578125 0.35078125 0.0828125 0.0796875
0 0.48671875 0.35546875 0.0859375 0.090625
0 0.55546875 0.37109375 0.06875 0.078125
0 0.625 0.3765625 0.0828125 0.0890625
0 0.69453125 0.390625 0.075 0.075
0 0.278125 0.40703125 0.0828125 0.0703125
0 0.35 0.41953125 0.078125 0.096875
0 0.41328125 0.4265625 0.0765625 0.084375
0 0.48046875 0.4359375 0.0796875 0.084375
0 0.54921875 0.446875 0.078125 0.0796875
0 0.61953125 0.45625 0.0796875 0.08125
0 0.6890625 0.4640625 0.0703125 0.08125
0 0.27265625 0.4796875 0.0828125 0.09375
0 0.33828125 0.49375 0.084375 0.0953125
0 0.41328125 0.50703125 0.0859375 0.090625
0 0.47578125 0.50859375 0.084375 0.096875
0 0.54765625 0.5203125 0.0765625 0.084375
0 0.6109375 0.53359375 0.0828125 0.0984375
0 0.68515625 0.5390625 0.08125 0.0859375
0 0.26171875 0.56484375 0.078125 0.0875
0 0.33125 0.5671875 0.084375 0.0921875
0 0.2546875 0.63828125 0.084375 0.090625
0 0.246875 0.7125 0.075 0.075
0 0.2390625 0.790625 0.078125 0.0875
0 0.2328125 0.875 0.08125 0.078125
0 0.22578125 0.940625 0.0875 0.0953125
0 0.40078125 0.58203125 0.0828125 0.096875
0 0.46953125 0.5890625 0.0859375 0.0921875
0 0.540625 0.6015625 0.0796875 0.0984375
0 0.6046875 0.6046875 0.0796875 0.1015625
0 0.67578125 0.6125 0.08125 0.103125
0 0.32421875 0.65625 0.078125 0.0875
0 0.3921875 0.659375 0.08125 0.0984375
0 0.4625 0.66328125 0.084375 0.0921875
0 0.53046875 0.67734375 0.08125 0.096875
0 0.60078125 0.68359375 0.06875 0.0890625
0 0.67109375 0.69140625 0.08125 0.0828125
0 0.31484375 0.7265625 0.078125 0.1046875
0 0.3875 0.73984375 0.084375 0.09375
0 0.45625 0.74921875 0.0890625 0.096875
0 0.521875 0.75234375 0.071875 0.0859375
0 0.5921875 0.76015625 0.065625 0.096875
0 0.6671875 0.7625 0.090625 0.0921875
0 0.30859375 0.80078125 0.0765625 0.09375
0 0.37890625 0.81015625 0.078125 0.1
0 0.45078125 0.8203125 0.08125 0.0875
0 0.51640625 0.81796875 0.0734375 0.1
0 0.584375 0.828125 0.0859375 0.1140625
0 0.659375 0.840625 0.0953125 0.1078125
0 0.3046875 0.875 0.084375 0.0875
0 0.375 0.88359375 0.078125 0.08125
0 0.44140625 0.8953125 0.0796875 0.0765625
0 0.5109375 0.89921875 0.0796875 0.084375
0 0.57890625 0.9046875 0.090625 0.0859375
0 0.653125 0.92109375 0.0734375 0.0671875
0 0.296875 0.9484375 0.096875 0.0875
0 0.36875 0.946875 0.0875 0.096875