0 0.1609375 0.07265625 0.04375 0.13515625
0 0.11875 0.0671875 0.0390625 0.13359375
0 0.07734375 0.0640625 0.0484375 0.128125
0 0.02578125 0.1828125 0.05078125 0.1390625
0 0.06875 0.18125 0.0453125 0.1453125
0 0.1078125 0.190625 0.03125 0.15703125
0 0.15 0.19921875 0.0484375 0.13046875
0 0.140625 0.32890625 0.04140625 0.11640625
0 0.09609375 0.328125 0.04296875 0.13203125
0 0.05859375 0.3234375 0.0453125 0.125
0 0.02109375 0.30390625 0.0421875 0.14453125
0 0.13046875 0.45078125 0.0421875 0.1265625
0 0.0859375 0.45546875 0.0390625 0.1390625
0 0.0453125 0.4515625 0.0390625 0.1453125
0 0.12109375 0.5828125 0.05078125 0.14375
0 0.0734375 0.58671875 0.0421875 0.15078125
0 0.0328125 0.57890625 0.04609375 0.1453125
0 0.11640625 0.715625 0.05625 0.1421875
0 0.065625 0.71875 0.03828125 0.140625
0 0.025 0.7046875 0.04453125 0.146875
0 0.0984375 0.85625 0.04921875 0.15546875
0 0.046875 0.86640625 0.0546875 0.17265625
0 0.290625 0.05546875 0.06875 0.078125
0 0.35703125 0.0625 0.08046875 0.0640625
0 0.421875 0.06328125 0.0734375 0.07578125
0 0.4921875 0.0703125 0.0765625 0.0828125
0 0.5578125 0.0703125 0.06953125 0.07578125
0 0.625 0.08046875 0.0703125 0.065625
0 0.68984375 0.08984375 0.06875 0.07421875
0 0.2875 0.1265625 0.07734375 0.08828125
0 0.35 0.12890625 0.071875 0.08828125
0 0.42109375 0.1390625 0.06796875 0.08828125
0 0.48671875 0.14140625 0.0828125 0.0859375
0 0.55390625 0.146875 0.071875 0.08828125
0 0.61796875 0.15546875 0.07421875 0.09140625
0 0.68515625 0.15625 0.075 0.0859375
0 0.28359375 0.21015625 0.078125 0.08828125
0 0.3484375 0.20390625 0.078125 0.0859375
0 0.4140625 0.2109375 0.07421875 0.0828125
0 0.48515625 0.2125 0.0765625 0.0859375
0 0.5515625 0.22421875 0.06796875 0.08984375
0 0.61796875 0.2234375 0.071875 0.08828125
0 0.68984375 0.2296875 0.07421875 0.0828125
0 0.28125 0.27734375 0.07421875 0.09140625
0 0.34765625 0.28125 0.07734375 0.08125
0 0.4203125 0.28359375 0.06953125 0.09296875
0 0.4859375 0.28515625 0.07421875 0.0859375
0 0.621875 0.29375 0.071875 0.07265625
0 0.6890625 0.303125 0.06875 0.08125
0 0.27421875 0.35 0.08046875 0.078125
0 0.34375 0.35390625 0.08828125 0.08125
0 0.41796875 0.3546875 0.0796875 0.07578125
0 0.47890625 0.35625 0.08203125 0.0859375
0 0.5484375 0.36875 0.06484375 0.07421875
0 0.61875 0.3703125 0.078125 0.084375
0 0.68828125 0.38046875 0.071875 0.07109375
0 0.2734375 0.41875 0.0796875 0.065625
0 0.34609375 0.42734375 0.0734375 0.09296875
0 0.409375 0.43125 0.071875 0.08125
0 0.47734375 0.43671875 0.075 0.08125
0 0.54609375 0.44453125 0.07421875 0.07578125
0 0.6171875 0.45 0.07578125 0.078125
0 0.68671875 0.45390625 0.06640625 0.078125
0 0.271875 0.49140625 0.078125 0.08984375
0 0.33828125 0.50234375 0.0796875 0.09140625
0 0.4140625 0.51171875 0.08203125 0.0859375
0 0.4765625 0.51015625 0.0796875 0.09296875
0 0.5484375 0.51796875 0.071875 0.08125
0 0.6125 0.528125 0.07734375 0.09453125
0 0.68671875 0.5296875 0.07734375 0.08125
0 0.265625 0.57734375 0.07421875 0.084375
0 0.33515625 0.57578125 0.0796875 0.08828125
0 0.2625 0.65078125 0.0796875 0.0859375
0 0.25859375 0.72578125 0.07109375 0.07109375
0 0.2546875 0.80390625 0.07421875 0.084375
0 0.253125 0.88828125 0.078125 0.07421875
0 0.24921875 0.9546875 0.0828125 0.090625
0 0.40546875 0.58671875 0.07734375 0.09296875
0 0.47421875 0.590625 0.08203125 0.08828125
0 0.54609375 0.59921875 0.075 0.09453125
0 0.61015625 0.59921875 0.075 0.0984375
0 0.68125 0.603125 0.0765625 0.1
0 0.3328125 0.66484375 0.0734375 0.084375
0 0.40078125 0.66484375 0.07578125 0.09453125
0 0.47109375 0.66484375 0.0796875 0.08828125
0 0.53984375 0.67578125 0.0765625 0.09296875
0 0.61015625 0.678125 0.0640625 0.0859375
0 0.68125 0.68203125 0.07734375 0.078125
0 0.32734375 0.7359375 0.0734375 0.1015625
0 0.4 0.7453125 0.0796875 0.08984375
0 0.46953125 0.75078125 0.084375 0.09296875
0 0.53515625 0.75078125 0.06796875 0.0828125
0 0.60546875 0.7546875 0.0609375 0.09453125
0 0.68046875 0.753125 0.0859375 0.08828125
0 0.32421875 0.81015625 0.071875 0.08984375
0 0.3953125 0.81640625 0.0734375 0.09609375
0 0.46796875 0.82265625 0.0765625 0.084375
0 0.5328125 0.81640625 0.06875 0.09609375
0 0.6015625 0.8234375 0.08046875 0.11015625
0 0.67734375 0.83203125 0.08984375 0.103125
0 0.32421875 0.884375 0.0796875 0.0828125
0 0.3953125 0.88984375 0.07421875 0.078125
0 0.4625 0.89765625 0.07578125 0.07265625
0 0.53203125 0.8984375 0.075 0.08125
0 0.6 0.9 0.08671875 0.08125
0 0.675 0.9125 0.06953125 0.0640625
0 0.3203125 0.95859375 0.0921875 0.0828125
0 0.3921875 0.953125 0.0828125 0.09296875